# Kx Ky E
0 3 -19.964781478202
0 3 -19.859257747448
0 3 -19.683823006733
0 3 -19.439130005278
0 3 -19.126084010973
0 3 -18.745835013564
0 3 -18.299768724626
0 3 -17.789496978482
0 3 -17.21684810249
0 3 -16.583857712802
0 3 -15.892760218383
0 3 -15.145981110852
0 3 -14.346129917658
0 3 -13.495993537183
0 3 -12.598529582551
0 3 -12.451460588016
0 3 -11.656859346196
0 3 -10.6742600535
0 3 -9.6541561849968
0 3 -8.6001097981133
0 3 -7.5158099782735
0 3 -6.4050618710985
0 3 -5.2717765041231
0 3 -4.1199651242137
0 3 -2.9537532482015
0 3 -1.7775104083234
0 3 -0.59779079451817
0 3 -0.11812003797997
0 3 -0.043235291974163
0 3 -3.5527136788005e-15
1 3 -19.903634310361
1 3 -19.615481855869
1 3 -19.138362300089
1 3 -18.476929840819
1 3 -17.637611581849
1 3 -16.628531094243
1 3 -15.459422228456
1 3 -14.141535560475
1 3 -14.01151712786
1 3 -12.68753716872
1 3 -11.11139797233
1 3 -9.4282722530295
1 3 -7.6543667674611
1 3 -5.8068104404085
1 3 -3.9035750741152
1 3 -1.963888358844
1 3 -0.088557361735024
1 3 -0.020850880288409
1 3 -3.5527136788005e-15
1 3 5.3290705182008e-15
1 3 0.020850880288409
1 3 0.088557361735006
1 3 1.963888358844
1 3 3.9035750741152
1 3 5.8068104404085
1 3 7.6543667674611
1 3 9.4282722530295
1 3 11.11139797233
1 3 12.68753716872
1 3 14.01151712786
2 3 -19.964864327435
2 3 -19.859581679349
2 3 -19.684524619102
2 3 -19.440312284618
2 3 -19.127807744426
2 3 -18.748114402124
2 3 -18.302571535848
2 3 -17.792749060697
2 3 -17.220441592473
2 3 -16.587661873538
2 3 -15.896633600132
2 3 -15.149783669705
2 3 -14.349733850146
2 3 -13.499291862929
2 3 -12.601441869904
2 3 -12.334404219628
2 3 -11.659334358456
2 3 -10.676275430961
2 3 -9.6557155210801
2 3 -8.6012375828025
2 3 -7.5165448356292
2 3 -6.4054482274142
2 3 -5.2718539892787
2 3 -4.1197523974379
2 3 -2.9532122460265
2 3 -1.7764092651116
2 3 -0.59416987103674
2 3 -0.045076229891942
2 3 -0.037181606936826
2 3 1.7763568394003e-15
3 3 -19.964826284364
3 3 -19.859433488295
3 3 -19.684205686729
3 3 -19.439779815995
3 3 -19.127041126882
3 3 -18.747117259003
3 3 -18.301371305951
3 3 -17.791394255077
3 3 -17.218997148639
3 3 -16.586203231192
3 3 -15.895240236338
3 3 -15.148532844624
3 3 -14.348695235669
3 3 -13.726178622844
3 3 -13.498523580389
3 3 -12.600988286365
3 3 -11.659225826702
3 3 -10.676530052737
3 3 -9.6563430226895
3 3 -8.6022456099739
3 3 -7.5179486138642
3 3 -6.4072861918698
3 3 -5.274216604572
3 3 -4.1228464748907
3 3 -2.9575461771836
3 3 -1.7835825595827
3 3 -0.61536041994851
3 3 -0.1155765759043
3 3 -0.039688680324083
3 3 -3.5527136788005e-15
4 3 -19.903627439563
4 3 -19.615455543868
4 3 -19.13830718175
4 3 -18.476840968957
4 3 -17.637488572915
4 3 -16.628377282687
4 3 -15.459243154445
4 3 -14.141337205326
4 3 -13.861800740868
4 3 -12.687324264215
4 3 -11.111172474891
4 3 -9.4280316962939
4 3 -7.6541014798651
4 3 -5.806496384403
4 3 -3.9031482642507
4 3 -1.9630905214936
4 3 -0.082610798299147
4 3 -0.026009916347462
4 3 -5.3290705182008e-15
4 3 3.5527136788005e-15
4 3 0.026009916347459
4 3 0.082610798299143
4 3 1.9630905214936
4 3 3.9031482642507
4 3 5.8064963844029
4 3 7.6541014798651
4 3 9.4280316962939
4 3 11.111172474891
4 3 12.687324264215
4 3 13.861800740868
5 3 -19.964816899224
5 3 -19.859396293761
5 3 -19.684123269623
5 3 -19.439636361155
5 3 -19.126822883334
5 3 -18.746812855148
5 3 -18.300971898134
5 3 -17.790893508092
5 3 -17.218391058257
5 3 -16.585489805667
5 3 -15.894419054888
5 3 -15.147604505555
5 3 -14.347660694907
5 3 -13.497383362048
5 3 -12.599741517925
5 3 -11.657869005399
5 3 -10.675055370635
5 3 -9.6547359289892
5 3 -8.600480984491
5 3 -7.5159842480298
5 3 -6.4050506116077
5 3 -5.5264146161881
5 3 -5.2715836558572
5 3 -4.1195739484245
5 3 -2.9530922494075
5 3 -1.7763133065009
5 3 -0.59402980440028
5 3 -0.17060602180195
5 3 -0.098863977672545
5 3 -1.7763568394003e-15
6 3 -19.964739865042
6 3 -19.859094760475
6 3 -19.683468981725
6 3 -19.438531122962
6 3 -19.125206642392
6 3 -18.744668249197
6 3 -18.298324832482
6 3 -17.787809740705
6 3 -17.214969212233
6 3 -16.581851641491
6 3 -15.890698147677
6 3 -15.143934625871
6 3 -14.344165155228
6 3 -13.494166375422
6 3 -12.596882270634
6 3 -12.392908093399
6 3 -11.655418746807
6 3 -10.673037449753
6 3 -9.653148423338
6 3 -8.599301414777
6 3 -7.5151758811996
6 3 -6.4045700815068
6 3 -5.2713902904645
6 3 -4.1196432064033
6 3 -2.9534437903035
6 3 -1.7771153425917
6 3 -0.5967438511648
6 3 -0.12419677698071
6 3 -0.03216486349679
6 3 -1.7763568394003e-15
7 3 -19.937906786904
7 3 -19.752073043197
7 3 -19.443823413731
7 3 -19.015323843393
7 3 -18.469524666728
7 3 -17.810092060668
7 3 -17.041337546464
7 3 -16.168155252293
7 3 -15.195974278755
7 3 -14.13072901084
7 3 -12.978844892366
7 3 -11.747232884969
7 3 -10.443284038367
7 3 -9.0748565973911
7 3 -7.6502509770939
7 3 -6.1781713801148
7 3 -5.9202989314613
7 3 -4.6676759184521
7 3 -3.1281211121711
7 3 -1.5691329591373
7 3 -0.10291777904973
7 3 -0.02293262942991
7 3 -7.105427357601e-15
7 3 1.0658141036402e-14
7 3 0.022932629429917
7 3 0.10291777904972
7 3 1.5691329591373
7 3 3.1281211121711
7 3 4.6676759184521
7 3 5.9202989314613
8 3 -19.903541742486
8 3 -19.615138562618
8 3 -19.137683078867
8 3 -18.475927194862
8 3 -17.63639314849
8 3 -16.627272595029
8 3 -15.458326216835
8 3 -14.140789616379
8 3 -13.862229854869
8 3 -12.68728390965
8 3 -11.111724952791
8 3 -9.4292257672853
8 3 -7.6559946046596
8 3 -5.8092570800263
8 3 -3.9073557233338
8 3 -1.9713837399836
8 3 -0.16559127462343
8 3 -0.052396489017603
8 3 -7.105427357601e-15
8 3 7.105427357601e-15
8 3 0.052396489017598
8 3 0.16559127462343
8 3 1.9713837399836
8 3 3.9073557233338
8 3 5.8092570800263
8 3 7.6559946046596
8 3 9.4292257672853
8 3 11.111724952791
8 3 12.68728390965
8 3 13.862229854869
9 3 -19.937812822241
9 3 -19.751710827377
9 3 -19.443057980398
9 3 -19.014080355166
9 3 -18.467801125942
9 3 -17.807961199546
9 3 -17.038936565524
9 3 -16.165664421894
9 3 -15.1935881916
9 3 -14.128626431234
9 3 -12.977163665498
9 3 -11.74605491665
9 3 -10.442632595292
9 3 -9.0747054292246
9 3 -7.6505434066861
9 3 -6.1788490305636
9 3 -6.0968481079247
9 3 -4.6687255559495
9 3 -3.1296925810993
9 3 -1.5722209042932
9 3 -0.43309417041279
9 3 -0.22109768196479
9 3 0
9 3 1.7763568394003e-15
9 3 0.22109768196479
9 3 0.43309417041279
9 3 1.5722209042932
9 3 3.1296925810993
9 3 4.6687255559496
9 3 6.0968481079247
10 3 -19.964866049513
10 3 -19.859588390871
10 3 -19.684539077217
10 3 -19.440336460508
10 3 -19.127842634875
10 3 -18.748159946321
10 3 -18.302626641677
10 3 -17.792811731238
10 3 -17.220509132068
10 3 -16.587731144939
10 3 -15.896701300858
10 3 -15.149846596584
10 3 -14.349789125474
10 3 -13.499337102453
10 3 -13.257526769075
10 3 -12.601475280374
10 3 -11.659354759385
10 3 -10.676282199858
10 3 -9.6557084622521
10 3 -8.6012167141182
10 3 -7.5165100693093
10 3 -6.4053988726552
10 3 -5.2717878698648
10 3 -4.1196639372415
10 3 -2.9530870304064
10 3 -1.77620088748
10 3 -0.59354336139732
10 3 -0.024618498658958
10 3 -0.017479252100131
10 3 0
11 3 -19.964845509396
11 3 -19.859508152835
11 3 -19.684365539635
11 3 -19.440044605981
11 3 -19.127418136928
11 3 -18.747600157474
11 3 -18.30194040588
11 3 -17.792018105152
11 3 -17.219635222106
11 3 -16.586809353998
11 3 -15.895766320505
11 3 -15.148932475492
11 3 -14.348926699386
11 3 -13.745467485257
11 3 -13.498551996859
11 3 -12.600786609676
11 3 -11.658774560326
11 3 -10.675815565116
11 3 -9.6553542912154
11 3 -8.6009689789068
11 3 -7.5163595145682
11 3 -6.4053351542224
11 3 -5.2718023838613
11 3 -4.1197543738452
11 3 -2.9532679087829
11 3 -1.7765446068675
11 3 -0.59462009621147
11 3 -0.035740174888712
11 3 -0.010476164006477
11 3 0
12 3 -19.964579041092
12 3 -19.858463549282
12 3 -19.682093294874
12 3 -19.43619338638
12 3 -19.121762895549
12 3 -18.740059760202
12 3 -18.292582886208
12 3 -17.781052698863
12 3 -17.207391664926
12 3 -16.573706419439
12 3 -15.882272988573
12 3 -15.13552615275
12 3 -14.336053286384
12 3 -13.486592186947
12 3 -12.590031674414
12 3 -12.338272351689
12 3 -11.649413294942
12 3 -10.667932399329
12 3 -9.6489371596148
12 3 -8.595924605857
12 3 -7.5125333430504
12 3 -6.4025331116052
12 3 -5.2698117343628
12 3 -4.1183603524831
12 3 -2.9522588429091
12 3 -1.7756701349443
12 3 -0.59298494258165
12 3 -0.069068186505259
12 3 -0.0016378995494382
12 3 -1.7763568394003e-15
13 3 -19.903631010796
13 3 -19.615468447062
13 3 -19.138331458409
13 3 -18.47687372693
13 3 -17.637522190295
13 3 -16.628400837822
13 3 -15.459244501606
13 3 -14.141304949682
13 3 -13.980982093067
13 3 -12.687248950261
13 3 -11.111046468381
13 3 -9.4278472743306
13 3 -7.6538460672824
13 3 -5.8061410268955
13 3 -3.90261065397
13 3 -1.9620213502984
13 3 -0.062816822272081
13 3 -0.016766913006945
13 3 -5.3290705182008e-15
13 3 0
13 3 0.016766913006947
13 3 0.062816822272076
13 3 1.9620213502984
13 3 3.90261065397
13 3 5.8061410268954
13 3 7.6538460672824
13 3 9.4278472743306
13 3 11.111046468381
13 3 12.687248950261
13 3 13.980982093067
14 3 -19.935335897441
14 3 -19.741985041349
14 3 -19.421862929688
14 3 -18.978130511665
14 3 -18.415138606644
14 3 -17.738329695661
14 3 -16.954069801062
14 3 -16.069374243773
14 3 -15.091503062258
14 3 -14.027463547629
14 3 -12.883574862848
14 3 -11.665342997578
14 3 -10.377809314528
14 3 -9.026246401312
14 3 -7.6168335387874
14 3 -6.1570049182914
14 3 -5.7528747740581
14 3 -4.6554288025486
14 3 -3.1217656636929
14 3 -1.5663678091457
14 3 -0.10766612091017
14 3 -0.017631339675384
14 3 0
14 3 3.5527136788005e-15
14 3 0.017631339675374
14 3 0.10766612091017
14 3 1.5663678091457
14 3 3.1217656636929
14 3 4.6554288025486
14 3 5.7528747740581
15 3 -19.938244384922
15 3 -19.753374590304
15 3 -19.446576200511
15 3 -19.019807369681
15 3 -18.475774494081
15 3 -17.817902345735
15 3 -17.050301592818
15 3 -16.177736043498
15 3 -15.205590875118
15 3 -14.139841892057
15 3 -12.987024855447
15 3 -11.754203400974
15 3 -10.448934088066
15 3 -9.0792276417869
15 3 -7.6535064065111
15 3 -6.1805598062117
15 3 -6.066664237019
15 3 -4.6695047988452
15 3 -3.1297847274095
15 3 -1.5715041999405
15 3 -0.28731645724651
15 3 -0.12896225042063
15 3 1.7763568394003e-15
15 3 3.5527136788005e-15
15 3 0.12896225042064
15 3 0.28731645724651
15 3 1.5715041999405
15 3 3.1297847274095
15 3 4.6695047988452
15 3 6.0666642370189
16 3 -19.903690190643
16 3 -19.615689534998
16 3 -19.138775016899
16 3 -18.477544070009
16 3 -17.638369033113
16 3 -16.629334699421
16 3 -15.460159884361
16 3 -14.142103876061
16 3 -13.86809373912
16 3 -12.687858577545
16 3 -11.111427190554
16 3 -9.4279904793894
16 3 -7.6537620708656
16 3 -5.8058353679177
16 3 -3.9020298634507
16 3 -1.9607950355388
16 3 -0.032134570975442
16 3 -0.011616779953883
16 3 -3.5527136788005e-15
16 3 3.5527136788005e-15
16 3 0.011616779953885
16 3 0.032134570975439
16 3 1.9607950355388
16 3 3.9020298634507
16 3 5.8058353679177
16 3 7.6537620708656
16 3 9.4279904793894
16 3 11.111427190554
16 3 12.687858577545
16 3 13.86809373912
17 3 -19.937987098655
17 3 -19.752384449141
17 3 -19.444488428552
17 3 -19.016421979678
17 3 -18.471083545064
17 3 -17.812085878147
17 3 -17.043693329946
17 3 -16.170765884118
17 3 -15.198715853029
17 3 -14.133479172628
17 3 -12.981498833193
17 3 -11.749714658607
17 3 -10.445552479955
17 3 -9.0769069194752
17 3 -7.6521149733875
17 3 -6.179922163533
17 3 -5.5919195997537
17 3 -4.6694527501034
17 3 -3.1302395616724
17 3 -1.5728339205372
17 3 -0.41423313931513
17 3 -0.25951020490621
17 3 -1.7763568394003e-15
17 3 0
17 3 0.25951020490621
17 3 0.41423313931513
17 3 1.5728339205372
17 3 3.1302395616724
17 3 4.6694527501034
17 3 5.5919195997537
