# Kx Ky E
0 3 -1.3394987365799
0 3 -1.307307455742
0 3 -1.307307455742
0 3 -1.2846591175744
0 3 -1.2846591175744
0 3 -1.2800634866949
0 3 -1.2787263587572
0 3 -1.2787263587572
0 3 -1.2729903499788
0 3 -1.2729903499788
0 3 -1.2592633537659
0 3 -1.2539561670052
0 3 -1.2529105077077
0 3 -1.252910472558
0 3 -1.2528567207895
0 3 -1.2519267661423
0 3 -1.2386679262836
0 3 -1.2298221822229
0 3 -1.2284493960898
0 3 -1.2279707014748
0 3 -1.2190062626676
0 3 -1.2171258972992
0 3 -1.2143011850376
0 3 -1.2071877804527
0 3 -1.2025438972694
0 3 -1.1970387922328
0 3 -1.1938526736278
0 3 -1.1882404710207
0 3 -1.1875837008381
0 3 -1.1860095037515
