# Kx Ky E
0 3 -0.73948950371329
0 3 -0.71604918893489
0 3 -0.70739229344665
0 3 -0.70739229344658
0 3 -0.69330137165413
0 3 -0.69250051717582
0 3 -0.69250051717574
0 3 -0.69155684962975
0 3 -0.69148034343154
0 3 -0.69148034343104
0 3 -0.69132016340333
0 3 -0.68814296112827
0 3 -0.68724231413251
0 3 -0.68724231413236
0 3 -0.68410026886393
0 3 -0.68410026886369
0 3 -0.68174304135254
0 3 -0.68174304135251
0 3 -0.67389586493998
0 3 -0.67349273908086
0 3 -0.67237774490684
0 3 -0.67193522757813
0 3 -0.67180389321145
0 3 -0.67004029154148
0 3 -0.6695143088386
0 3 -0.66740600771485
0 3 -0.66740469100161
0 3 -0.66340469702668
0 3 -0.66284823156447
0 3 -0.6621699272749
