# Ky E
0 0.13523669288488
0 0.15522191287581
0 0.15522191287581
0 0.16883798253468
0 0.46394744875375
0 0.66545865976191
0 0.66545865976192
0 0.69865465090824
0 0.76927668607795
0 0.77361663018597
0 0.8360975519685
0 0.85290879894722
0 0.88292276011392
0 0.88292276011392
0 0.94616507752228
0 0.95710713371595
0 0.95710713371595
0 0.9917119373925
0 1.0068898340894
0 1.0068898340894
0 1.0314683905068
0 1.0403899041008
0 1.0541425354767
0 1.0541425354767
0 1.0787713828935
0 1.1429354889477
0 1.1429354889477
0 1.1743595682711
0 1.2108456821253
0 1.2280867448231
0 1.2280867448231
0 1.2337945784479
0 1.2935566220552
0 1.2935566220552
0 1.3050169336161
0 1.3234517812391
0 1.3517023434195
0 1.3769429786043
0 1.3769429786043
0 1.3826111822966
0 1.3981792733346
0 1.4851340685058
0 1.4851340685058
0 1.515155880725
0 1.5245508604082
0 1.5351033925123
0 1.5451044120832
0 1.5561720214774
0 1.5561720214774
0 1.6045058614253
0 1.6194331203792
0 1.6194331203792
0 1.6256328914474
0 1.6273518358477
0 1.6471498843401
0 1.6755536366732
0 1.6755536366732
0 1.7294712243654
0 1.7390741498285
0 1.7488423612844
0 1.7488423612844
0 1.8211389482151
0 1.8226970971592
0 1.8226970971592
0 1.8400355923839
0 1.8654048186231
0 1.8766743355697
0 1.8766743355697
0 1.8867959882823
0 1.8909205422825
0 1.9033980126322
0 1.9033980126322
0 1.9224817309226
0 1.9514478245482
0 1.952958089434
0 1.952958089434
0 1.9659572000001
0 1.9720445771151
0 1.9966028402199
0 1.9966996776392
0 2.0016870764109
0 2.0016870764109
0 2.0111694411965
0 2.025213777342
0 2.025213777342
0 2.0334027291082
0 2.0343892064528
0 2.0379885725709
0 2.0548897104371
0 2.0712678752153
0 2.0712678752154
0 2.090594448318
0 2.0905944483181
0 2.1098600734969
0 2.151660579631
0 2.151660579631
0 2.168258328001
0 2.1722504780963
0 2.1854607550501
0 2.2097345498303
0 2.2219216946018
0 2.2219216946018
0 2.2252760234602
0 2.254920923739
0 2.2568054508585
0 2.2568054508585
0 2.2716763474114
0 2.3023974766428
0 2.3185177899142
0 2.3185177899142
0 2.3579610184014
0 2.3579610184014
0 2.3582996182356
0 2.3614648014794
0 2.3914185420836
0 2.3991249633198
0 2.3991249633198
0 2.4071237576473
0 2.418356080445
0 2.434227699058
0 2.4385446292946
0 2.4537981926683
0 2.4537981926683
0 2.464979996255
0 2.464979996255
0 2.4684545569246
0 2.4787309299351
0 2.4934579345498
0 2.4952311414334
0 2.4952311414334
0 2.5022149743756
0 2.5038417115481
0 2.5047290307174
0 2.5080986174148
0 2.5080986174148
0 2.5439106778821
0 2.588427452362
0 2.6054492605815
0 2.613947060326
0 2.613947060326
0 2.7345881582582
0 2.7436974846029
0 2.7436974846029
0 2.7633620128095
0 2.7648049244556
0 2.7648049244556
0 2.8171351258704
0 2.8261509887546
0 2.8330922659537
0 2.8330922659537
0 2.8335231839303
0 2.8417723857157
0 2.8564640719079
0 2.8564640719079
0 2.8646877301346
0 2.8695434186532
0 2.8728710186952
0 2.8728710186952
0 2.8754282838539
0 2.87582079127
0 2.87582079127
0 2.8764615413854
0 2.8859216698068
0 2.8976354809178
0 2.8976354809178
0 2.9118681391531
0 2.921964609127
0 2.9330127888104
0 2.9330127888104
0 2.9357821706551
0 2.9381685543331
0 2.9680538196225
0 2.9771576446132
0 2.9977996903587
0 2.9977996903587
0 3.0088245532531
0 3.0552296485925
0 3.1142121331865
0 3.1174400724103
0 3.1174400724103
0 3.1524731601004
0 3.1524731601004
0 3.2236787162744
0 3.2332170861889
0 3.3045370618741
0 3.3338804267313
0 3.3338804267313
0 3.3662066774699
0 3.366360749432
0 3.3846527566154
0 3.3846527566154
0 3.5447112330329
0 3.5500848131021
0 3.5615010839764
0 3.5638917100857
0 3.5638917100857
0 3.5712631317372
0 3.5712631317372
0 3.5728957240488
0 3.572977154877
0 3.6340990633036
0 3.6413092061845
0 3.6413092061845
0 3.6440562334371
0 3.6711452442998
0 3.7158553977036
0 3.7158553977036
0 3.7517407052349
0 3.7629350829091
0 3.7629350829091
0 3.7857458130657
0 3.8628078843323
0 3.8709299820552
0 3.8844038358366
0 3.8844038358366
0 3.9410002926122
0 3.9474240989011
0 3.9474240989011
0 3.9518992918812
0 3.9855257832429
0 3.9993028645899
0 4.0013966135282
0 4.0013966135282
0 4.0094144417069
0 4.0388422987277
0 4.0392223576732
0 4.0392223576732
0 4.0442072071154
0 4.0581805137759
0 4.0921490076352
0 4.0921490076352
0 4.1446811250081
0 4.478016615674
0 4.4849872916151
0 4.4849872916151
0 4.4924088513177
0 4.6260082125048
0 4.6267234960808
0 4.6267234960808
0 4.6276736198673
0 5.3750590992596
0 5.3750740897685
0 5.3750740897685
0 5.3750892199739
1 0.15522191287581
1 0.32584568775593
1 0.32584568775593
1 0.42831042511684
1 0.539780751612
1 0.66224091933203
1 0.66224091933203
1 0.66545865976191
1 0.81152277517363
1 0.84482573782342
1 0.84482573782342
1 0.88292276011392
1 0.95710713371595
1 0.98855249682925
1 1.0046471105136
1 1.0068898340894
1 1.0074567755385
1 1.0074567755385
1 1.0492663956884
1 1.0492663956884
1 1.0541425354767
1 1.1019060550633
1 1.1087849860322
1 1.1087849860322
1 1.1429354889477
1 1.1832763383794
1 1.1832763383794
1 1.1901737431157
1 1.2280867448231
1 1.2645651337036
1 1.2645651337036
1 1.2935566220552
1 1.3128384627881
1 1.3500307334981
1 1.3500307334981
1 1.3574551876481
1 1.3769429786043
1 1.3871479964139
1 1.3871479964139
1 1.4095639527219
1 1.4469460341612
1 1.4851340685058
1 1.5415426287034
1 1.5415426287034
1 1.5440274444884
1 1.5561720214774
1 1.5734076756975
1 1.5734076756975
1 1.591290914202
1 1.6095803725871
1 1.6095803725871
1 1.6194331203792
1 1.6755536366732
1 1.6863967204085
1 1.7255818954139
1 1.7255818954139
1 1.7445988563832
1 1.7445988563832
1 1.7488423612844
1 1.7559000971309
1 1.789252217453
1 1.8226970971592
1 1.8340457155911
1 1.8340457155911
1 1.8545760741578
1 1.8766743355697
1 1.8833167633768
1 1.8833167633768
1 1.9033980126322
1 1.9294411662481
1 1.9294411662481
1 1.9400209328406
1 1.952958089434
1 1.9968829369715
1 1.9968829369715
1 2.0016870764109
1 2.0214679929629
1 2.025213777342
1 2.036473662133
1 2.036473662133
1 2.0370954705485
1 2.0542919614853
1 2.0575486072406
1 2.0575486072406
1 2.0711450998711
1 2.0711450998711
1 2.0712678752154
1 2.090594448318
1 2.0990150895268
1 2.0990150895268
1 2.1045051070386
1 2.1332757574563
1 2.1332757574563
1 2.151660579631
1 2.1551027646424
1 2.2012638488092
1 2.2219216946018
1 2.228566034482
1 2.228566034482
1 2.2298205618575
1 2.2568054508585
1 2.3022496363311
1 2.3030267473283
1 2.3030267473283
1 2.3185177899142
1 2.3208599989182
1 2.3208599989182
1 2.3248338111744
1 2.3405796874906
1 2.3579610184014
1 2.3694447992555
1 2.3694447992555
1 2.386052677374
1 2.3882859423046
1 2.3882859423046
1 2.3991249633198
1 2.4103520144582
1 2.4259854635067
1 2.4259854635067
1 2.4537981926683
1 2.464979996255
1 2.4747795625623
1 2.4768295135449
1 2.4768295135449
1 2.4952311414334
1 2.4985306668259
1 2.4985306668259
1 2.5062227236675
1 2.5080986174148
1 2.5467250377787
1 2.5467250377787
1 2.5847742181296
1 2.5847742181296
1 2.6028304222347
1 2.613947060326
1 2.6170126787497
1 2.6170126787497
1 2.6329430517308
1 2.7436974846029
1 2.7648049244556
1 2.793964535169
1 2.793964535169
1 2.7939753124723
1 2.7962239596821
1 2.809556488995
1 2.8330922659537
1 2.8396985022901
1 2.8396985022901
1 2.8444007689246
1 2.8564640719079
1 2.857673593633
1 2.857673593633
1 2.8706340480903
1 2.8706340480903
1 2.8711436715695
1 2.8728710186952
1 2.87582079127
1 2.8783060925216
1 2.8783060925216
1 2.8815525914732
1 2.8976354809178
1 2.9330127888104
1 2.9550555506426
1 2.9550555506426
1 2.9660970221378
1 2.9660970221378
1 2.9715723542881
1 2.9977996903587
1 3.0101331246426
1 3.0101331246426
1 3.0626219377292
1 3.0850295937131
1 3.1174400724103
1 3.1427886907759
1 3.1427886907759
1 3.1524731601004
1 3.1607014812979
1 3.1607014812979
1 3.1760120501254
1 3.2710635674259
1 3.3338804267313
1 3.3344730757554
1 3.3344730757554
1 3.340820265948
1 3.3846527566154
1 3.3993967763954
1 3.3993967763954
1 3.4863841685276
1 3.5400132785296
1 3.5400132785296
1 3.5520709705627
1 3.5638917100857
1 3.5712631317372
1 3.5759956790191
1 3.5759956790191
1 3.5826011209029
1 3.637950033521
1 3.6402574048464
1 3.6402574048464
1 3.6413092061845
1 3.6841497834693
1 3.7114952601691
1 3.7114952601691
1 3.7158553977036
1 3.7366593893578
1 3.7366593893578
1 3.7629350829091
1 3.7876876569312
1 3.8217789514748
1 3.8217789514748
1 3.8413688458665
1 3.8844038358366
1 3.9419864766461
1 3.9419864766461
1 3.9474240989011
1 3.9842318813083
1 3.9997565901944
1 4.0005104202004
1 4.0005104202004
1 4.0013966135282
1 4.0192986431706
1 4.0192986431707
1 4.0345598673194
1 4.0392223576732
1 4.0921490076352
1 4.1204357234052
1 4.1204357234052
1 4.1603613123485
1 4.4849872916151
1 4.491631388827
1 4.491631388827
1 4.4987291650572
1 4.6267234960808
1 4.6273986371958
1 4.6273986371958
1 4.6283015270261
1 5.3750740897685
1 5.3750892007774
1 5.3750892007774
1 5.3751044507252
2 0
2 0.16883798253468
2 0.36925903745698
2 0.42831042511684
2 0.42831042511684
2 0.46394744875375
2 0.48959950102547
2 0.53978075161199
2 0.539780751612
2 0.77361663018597
2 0.81152277517363
2 0.81152277517363
2 0.82262361200108
2 0.8360975519685
2 0.9201156599911
2 0.94616507752228
2 0.98855249682925
2 0.98855249682925
2 1.0046471105136
2 1.0046471105136
2 1.0787713828935
2 1.1019060550633
2 1.1019060550633
2 1.1234134658506
2 1.1349688527535
2 1.1743595682711
2 1.1901737431157
2 1.1901737431157
2 1.2108456821253
2 1.245799615585
2 1.3128384627881
2 1.3128384627881
2 1.3248999046356
2 1.3517023434195
2 1.3574551876481
2 1.3574551876481
2 1.3768150190149
2 1.3826111822966
2 1.3981792733346
2 1.4095639527219
2 1.4095639527219
2 1.4469460341612
2 1.4469460341612
2 1.4502829271326
2 1.4931370126328
2 1.515155880725
2 1.518407594546
2 1.5440274444884
2 1.5440274444884
2 1.5451044120832
2 1.5528638344986
2 1.5616586194592
2 1.591290914202
2 1.591290914202
2 1.6045058614253
2 1.6273518358477
2 1.6863967204085
2 1.6863967204085
2 1.6873862444127
2 1.6932379956785
2 1.7559000971309
2 1.7559000971309
2 1.789252217453
2 1.789252217453
2 1.8211389482151
2 1.852951661181
2 1.8545760741578
2 1.8545760741578
2 1.8654048186231
2 1.8867959882823
2 1.9224817309226
2 1.9248798674355
2 1.9400209328406
2 1.9400209328406
2 1.9966996776392
2 2.0019846095
2 2.0111694411965
2 2.0214679929629
2 2.0214679929629
2 2.0266552947979
2 2.0334027291082
2 2.0343892064528
2 2.0370954705485
2 2.0370954705485
2 2.0542919614853
2 2.0542919614853
2 2.059227303599
2 2.0897735791553
2 2.1045051070386
2 2.1045051070386
2 2.1098600734969
2 2.1429221076485
2 2.1551027646424
2 2.1551027646424
2 2.168258328001
2 2.1722504780963
2 2.1816405580385
2 2.1885277174101
2 2.2012638488092
2 2.2012638488092
2 2.2252760234602
2 2.2291305623672
2 2.2298205618575
2 2.2298205618575
2 2.254920923739
2 2.3022496363311
2 2.3022496363311
2 2.3083062091942
2 2.3121909342176
2 2.3248338111744
2 2.3248338111744
2 2.3405796874906
2 2.3405796874906
2 2.3433460695669
2 2.3544944816604
2 2.3582996182356
2 2.386052677374
2 2.386052677374
2 2.4071237576473
2 2.4103520144582
2 2.4103520144582
2 2.4265519503295
2 2.434227699058
2 2.4684545569246
2 2.4747795625623
2 2.4747795625623
2 2.4752960070193
2 2.4787309299351
2 2.5022149743756
2 2.5047290307174
2 2.5062227236675
2 2.5062227236675
2 2.5099866847898
2 2.5785121386738
2 2.588427452362
2 2.6028304222347
2 2.6028304222347
2 2.6096299916702
2 2.6329430517308
2 2.6329430517308
2 2.7008963456164
2 2.7345881582582
2 2.7828579372129
2 2.7939753124723
2 2.7939753124723
2 2.7962239596821
2 2.7962239596821
2 2.809556488995
2 2.809556488995
2 2.8172785981496
2 2.8261509887546
2 2.8417723857157
2 2.8444007689246
2 2.8444007689246
2 2.8606317912059
2 2.8646877301346
2 2.8711436715695
2 2.8711436715695
2 2.8736171625612
2 2.8736403657844
2 2.8815525914732
2 2.8815525914732
2 2.8859216698068
2 2.9118681391531
2 2.9357821706551
2 2.9546048254343
2 2.9715723542881
2 2.9715723542881
2 2.9771576446132
2 3.0378373776686
2 3.0552296485925
2 3.0626219377292
2 3.0626219377292
2 3.0850295937131
2 3.0850295937131
2 3.1005931621515
2 3.1688974759646
2 3.1760120501254
2 3.1760120501254
2 3.1904903890619
2 3.2236787162744
2 3.2332170861889
2 3.2710635674259
2 3.2710635674259
2 3.3045370618741
2 3.340820265948
2 3.340820265948
2 3.3432325303408
2 3.379041852541
2 3.4863841685276
2 3.4863841685276
2 3.5222390080317
2 3.5447112330329
2 3.5464403646227
2 3.5500848131021
2 3.5520709705627
2 3.5520709705627
2 3.572977154877
2 3.5826011209029
2 3.5826011209029
2 3.6078224438555
2 3.6340990633036
2 3.637950033521
2 3.637950033521
2 3.6585248172906
2 3.6711452442998
2 3.6841497834693
2 3.6841497834693
2 3.6918759260067
2 3.7627970796722
2 3.7876876569312
2 3.7876876569312
2 3.8413688458665
2 3.8413688458665
2 3.8628078843323
2 3.8709299820552
2 3.9139442671696
2 3.9842318813083
2 3.9842318813083
2 3.9855257832429
2 3.9885301277726
2 3.9993028645899
2 3.9997565901944
2 3.9997565901944
2 4.0000942277323
2 4.0345598673194
2 4.0345598673194
2 4.0388422987276
2 4.0758994624359
2 4.1446811250081
2 4.1603613123485
2 4.1603613123485
2 4.184498933915
2 4.4924088513177
2 4.4987291650572
2 4.4987291650572
2 4.5055040511952
2 4.6276736198673
2 4.6283015270261
2 4.6283015270261
2 4.6291488663983
2 5.3750892199739
2 5.3751044507252
2 5.3751044507252
2 5.375119816471
3 0.15522191287582
3 0.32584568775592
3 0.32584568775593
3 0.42831042511684
3 0.53978075161199
3 0.66224091933203
3 0.66224091933203
3 0.66545865976191
3 0.81152277517363
3 0.84482573782342
3 0.84482573782342
3 0.88292276011392
3 0.95710713371595
3 0.98855249682925
3 1.0046471105136
3 1.0068898340894
3 1.0074567755385
3 1.0074567755385
3 1.0492663956884
3 1.0492663956884
3 1.0541425354767
3 1.1019060550633
3 1.1087849860322
3 1.1087849860322
3 1.1429354889477
3 1.1832763383794
3 1.1832763383794
3 1.1901737431157
3 1.2280867448231
3 1.2645651337036
3 1.2645651337036
3 1.2935566220552
3 1.3128384627881
3 1.3500307334981
3 1.3500307334981
3 1.3574551876481
3 1.3769429786043
3 1.3871479964139
3 1.3871479964139
3 1.4095639527219
3 1.4469460341612
3 1.4851340685058
3 1.5415426287034
3 1.5415426287034
3 1.5440274444884
3 1.5561720214774
3 1.5734076756975
3 1.5734076756975
3 1.591290914202
3 1.6095803725871
3 1.6095803725871
3 1.6194331203792
3 1.6755536366732
3 1.6863967204085
3 1.7255818954139
3 1.7255818954139
3 1.7445988563832
3 1.7445988563832
3 1.7488423612844
3 1.7559000971309
3 1.789252217453
3 1.8226970971592
3 1.8340457155911
3 1.8340457155911
3 1.8545760741578
3 1.8766743355697
3 1.8833167633768
3 1.8833167633768
3 1.9033980126322
3 1.9294411662481
3 1.9294411662481
3 1.9400209328406
3 1.952958089434
3 1.9968829369715
3 1.9968829369715
3 2.0016870764109
3 2.0214679929629
3 2.025213777342
3 2.036473662133
3 2.036473662133
3 2.0370954705485
3 2.0542919614853
3 2.0575486072406
3 2.0575486072406
3 2.0711450998711
3 2.0711450998711
3 2.0712678752153
3 2.090594448318
3 2.0990150895268
3 2.0990150895268
3 2.1045051070386
3 2.1332757574563
3 2.1332757574563
3 2.151660579631
3 2.1551027646424
3 2.2012638488092
3 2.2219216946018
3 2.228566034482
3 2.228566034482
3 2.2298205618575
3 2.2568054508585
3 2.3022496363311
3 2.3030267473283
3 2.3030267473283
3 2.3185177899142
3 2.3208599989182
3 2.3208599989182
3 2.3248338111744
3 2.3405796874906
3 2.3579610184014
3 2.3694447992555
3 2.3694447992555
3 2.386052677374
3 2.3882859423046
3 2.3882859423046
3 2.3991249633198
3 2.4103520144582
3 2.4259854635067
3 2.4259854635067
3 2.4537981926683
3 2.464979996255
3 2.4747795625623
3 2.4768295135449
3 2.4768295135449
3 2.4952311414334
3 2.4985306668259
3 2.4985306668259
3 2.5062227236675
3 2.5080986174148
3 2.5467250377787
3 2.5467250377787
3 2.5847742181296
3 2.5847742181296
3 2.6028304222347
3 2.613947060326
3 2.6170126787497
3 2.6170126787497
3 2.6329430517308
3 2.7436974846029
3 2.7648049244556
3 2.793964535169
3 2.793964535169
3 2.7939753124723
3 2.7962239596821
3 2.809556488995
3 2.8330922659537
3 2.8396985022901
3 2.8396985022901
3 2.8444007689246
3 2.8564640719079
3 2.857673593633
3 2.857673593633
3 2.8706340480903
3 2.8706340480903
3 2.8711436715695
3 2.8728710186952
3 2.87582079127
3 2.8783060925216
3 2.8783060925216
3 2.8815525914732
3 2.8976354809178
3 2.9330127888104
3 2.9550555506426
3 2.9550555506426
3 2.9660970221378
3 2.9660970221378
3 2.9715723542881
3 2.9977996903587
3 3.0101331246426
3 3.0101331246426
3 3.0626219377292
3 3.0850295937131
3 3.1174400724103
3 3.1427886907759
3 3.1427886907759
3 3.1524731601004
3 3.1607014812979
3 3.1607014812979
3 3.1760120501254
3 3.2710635674259
3 3.3338804267313
3 3.3344730757554
3 3.3344730757554
3 3.340820265948
3 3.3846527566154
3 3.3993967763954
3 3.3993967763954
3 3.4863841685276
3 3.5400132785295
3 3.5400132785296
3 3.5520709705627
3 3.5638917100857
3 3.5712631317372
3 3.5759956790191
3 3.5759956790191
3 3.5826011209029
3 3.637950033521
3 3.6402574048464
3 3.6402574048464
3 3.6413092061845
3 3.6841497834693
3 3.7114952601691
3 3.7114952601691
3 3.7158553977036
3 3.7366593893578
3 3.7366593893578
3 3.7629350829091
3 3.7876876569312
3 3.8217789514748
3 3.8217789514748
3 3.8413688458665
3 3.8844038358366
3 3.9419864766461
3 3.9419864766461
3 3.9474240989011
3 3.9842318813083
3 3.9997565901944
3 4.0005104202004
3 4.0005104202004
3 4.0013966135282
3 4.0192986431706
3 4.0192986431706
3 4.0345598673194
3 4.0392223576732
3 4.0921490076352
3 4.1204357234052
3 4.1204357234052
3 4.1603613123485
3 4.4849872916151
3 4.491631388827
3 4.491631388827
3 4.4987291650572
3 4.6267234960808
3 4.6273986371958
3 4.6273986371958
3 4.6283015270261
3 5.3750740897685
3 5.3750892007774
3 5.3750892007774
3 5.3751044507252
4 0.13523669288488
4 0.15522191287581
4 0.15522191287582
4 0.16883798253469
4 0.46394744875375
4 0.66545865976191
4 0.66545865976191
4 0.69865465090824
4 0.76927668607795
4 0.77361663018597
4 0.8360975519685
4 0.85290879894721
4 0.88292276011392
4 0.88292276011392
4 0.94616507752229
4 0.95710713371594
4 0.95710713371595
4 0.9917119373925
4 1.0068898340894
4 1.0068898340894
4 1.0314683905068
4 1.0403899041008
4 1.0541425354767
4 1.0541425354767
4 1.0787713828935
4 1.1429354889477
4 1.1429354889477
4 1.1743595682711
4 1.2108456821253
4 1.2280867448231
4 1.2280867448231
4 1.2337945784479
4 1.2935566220552
4 1.2935566220552
4 1.3050169336162
4 1.3234517812391
4 1.3517023434195
4 1.3769429786043
4 1.3769429786043
4 1.3826111822966
4 1.3981792733346
4 1.4851340685058
4 1.4851340685058
4 1.515155880725
4 1.5245508604082
4 1.5351033925123
4 1.5451044120832
4 1.5561720214774
4 1.5561720214774
4 1.6045058614253
4 1.6194331203792
4 1.6194331203792
4 1.6256328914474
4 1.6273518358477
4 1.6471498843401
4 1.6755536366732
4 1.6755536366732
4 1.7294712243654
4 1.7390741498285
4 1.7488423612844
4 1.7488423612844
4 1.8211389482151
4 1.8226970971592
4 1.8226970971592
4 1.8400355923839
4 1.8654048186231
4 1.8766743355697
4 1.8766743355697
4 1.8867959882823
4 1.8909205422825
4 1.9033980126322
4 1.9033980126322
4 1.9224817309226
4 1.9514478245482
4 1.952958089434
4 1.952958089434
4 1.9659572000001
4 1.9720445771151
4 1.9966028402199
4 1.9966996776392
4 2.0016870764109
4 2.0016870764109
4 2.0111694411965
4 2.025213777342
4 2.025213777342
4 2.0334027291082
4 2.0343892064528
4 2.0379885725709
4 2.0548897104371
4 2.0712678752154
4 2.0712678752154
4 2.090594448318
4 2.090594448318
4 2.1098600734969
4 2.151660579631
4 2.151660579631
4 2.168258328001
4 2.1722504780963
4 2.1854607550501
4 2.2097345498303
4 2.2219216946018
4 2.2219216946018
4 2.2252760234602
4 2.254920923739
4 2.2568054508585
4 2.2568054508585
4 2.2716763474114
4 2.3023974766428
4 2.3185177899142
4 2.3185177899142
4 2.3579610184014
4 2.3579610184014
4 2.3582996182356
4 2.3614648014794
4 2.3914185420836
4 2.3991249633198
4 2.3991249633198
4 2.4071237576473
4 2.418356080445
4 2.434227699058
4 2.4385446292946
4 2.4537981926683
4 2.4537981926683
4 2.464979996255
4 2.464979996255
4 2.4684545569246
4 2.4787309299351
4 2.4934579345498
4 2.4952311414334
4 2.4952311414334
4 2.5022149743756
4 2.5038417115481
4 2.5047290307174
4 2.5080986174148
4 2.5080986174148
4 2.5439106778821
4 2.588427452362
4 2.6054492605815
4 2.613947060326
4 2.613947060326
4 2.7345881582582
4 2.7436974846029
4 2.7436974846029
4 2.7633620128095
4 2.7648049244556
4 2.7648049244556
4 2.8171351258704
4 2.8261509887546
4 2.8330922659537
4 2.8330922659537
4 2.8335231839303
4 2.8417723857157
4 2.8564640719079
4 2.8564640719079
4 2.8646877301346
4 2.8695434186532
4 2.8728710186952
4 2.8728710186952
4 2.8754282838539
4 2.87582079127
4 2.87582079127
4 2.8764615413854
4 2.8859216698068
4 2.8976354809178
4 2.8976354809178
4 2.9118681391531
4 2.921964609127
4 2.9330127888104
4 2.9330127888104
4 2.9357821706551
4 2.9381685543331
4 2.9680538196225
4 2.9771576446132
4 2.9977996903587
4 2.9977996903587
4 3.0088245532531
4 3.0552296485925
4 3.1142121331865
4 3.1174400724103
4 3.1174400724103
4 3.1524731601004
4 3.1524731601004
4 3.2236787162744
4 3.2332170861889
4 3.3045370618741
4 3.3338804267313
4 3.3338804267313
4 3.3662066774699
4 3.366360749432
4 3.3846527566154
4 3.3846527566154
4 3.5447112330329
4 3.5500848131021
4 3.5615010839764
4 3.5638917100857
4 3.5638917100857
4 3.5712631317372
4 3.5712631317372
4 3.5728957240488
4 3.572977154877
4 3.6340990633036
4 3.6413092061845
4 3.6413092061845
4 3.6440562334371
4 3.6711452442998
4 3.7158553977036
4 3.7158553977037
4 3.7517407052349
4 3.7629350829091
4 3.7629350829091
4 3.7857458130657
4 3.8628078843323
4 3.8709299820552
4 3.8844038358366
4 3.8844038358366
4 3.9410002926122
4 3.9474240989011
4 3.9474240989011
4 3.9518992918812
4 3.9855257832429
4 3.9993028645899
4 4.0013966135282
4 4.0013966135282
4 4.0094144417069
4 4.0388422987277
4 4.0392223576732
4 4.0392223576732
4 4.0442072071154
4 4.0581805137759
4 4.0921490076352
4 4.0921490076352
4 4.1446811250081
4 4.478016615674
4 4.4849872916151
4 4.4849872916151
4 4.4924088513177
4 4.6260082125048
4 4.6267234960808
4 4.6267234960808
4 4.6276736198673
4 5.3750590992596
4 5.3750740897685
4 5.3750740897685
4 5.3750892199739
5 0.15522191287581
5 0.32584568775593
5 0.32584568775593
5 0.42831042511684
5 0.539780751612
5 0.66224091933202
5 0.66224091933203
5 0.66545865976192
5 0.81152277517363
5 0.84482573782342
5 0.84482573782342
5 0.88292276011392
5 0.95710713371595
5 0.98855249682925
5 1.0046471105136
5 1.0068898340894
5 1.0074567755385
5 1.0074567755385
5 1.0492663956884
5 1.0492663956884
5 1.0541425354767
5 1.1019060550633
5 1.1087849860322
5 1.1087849860322
5 1.1429354889477
5 1.1832763383794
5 1.1832763383794
5 1.1901737431157
5 1.2280867448231
5 1.2645651337036
5 1.2645651337036
5 1.2935566220552
5 1.3128384627881
5 1.3500307334981
5 1.3500307334981
5 1.3574551876481
5 1.3769429786043
5 1.3871479964139
5 1.3871479964139
5 1.4095639527219
5 1.4469460341612
5 1.4851340685058
5 1.5415426287034
5 1.5415426287034
5 1.5440274444884
5 1.5561720214774
5 1.5734076756975
5 1.5734076756975
5 1.591290914202
5 1.6095803725871
5 1.6095803725871
5 1.6194331203792
5 1.6755536366732
5 1.6863967204085
5 1.7255818954139
5 1.7255818954139
5 1.7445988563832
5 1.7445988563832
5 1.7488423612844
5 1.7559000971309
5 1.789252217453
5 1.8226970971592
5 1.8340457155911
5 1.8340457155911
5 1.8545760741578
5 1.8766743355697
5 1.8833167633768
5 1.8833167633768
5 1.9033980126322
5 1.9294411662481
5 1.9294411662481
5 1.9400209328406
5 1.952958089434
5 1.9968829369715
5 1.9968829369715
5 2.0016870764109
5 2.0214679929629
5 2.025213777342
5 2.036473662133
5 2.036473662133
5 2.0370954705485
5 2.0542919614853
5 2.0575486072406
5 2.0575486072406
5 2.0711450998711
5 2.0711450998711
5 2.0712678752153
5 2.090594448318
5 2.0990150895268
5 2.0990150895268
5 2.1045051070386
5 2.1332757574563
5 2.1332757574563
5 2.151660579631
5 2.1551027646424
5 2.2012638488092
5 2.2219216946018
5 2.228566034482
5 2.228566034482
5 2.2298205618575
5 2.2568054508585
5 2.3022496363311
5 2.3030267473282
5 2.3030267473282
5 2.3185177899142
5 2.3208599989182
5 2.3208599989182
5 2.3248338111744
5 2.3405796874906
5 2.3579610184014
5 2.3694447992555
5 2.3694447992555
5 2.386052677374
5 2.3882859423046
5 2.3882859423046
5 2.3991249633198
5 2.4103520144582
5 2.4259854635067
5 2.4259854635067
5 2.4537981926683
5 2.464979996255
5 2.4747795625623
5 2.4768295135449
5 2.4768295135449
5 2.4952311414334
5 2.4985306668259
5 2.4985306668259
5 2.5062227236675
5 2.5080986174148
5 2.5467250377787
5 2.5467250377787
5 2.5847742181296
5 2.5847742181296
5 2.6028304222347
5 2.613947060326
5 2.6170126787497
5 2.6170126787497
5 2.6329430517308
5 2.7436974846029
5 2.7648049244556
5 2.793964535169
5 2.793964535169
5 2.7939753124723
5 2.7962239596821
5 2.809556488995
5 2.8330922659537
5 2.8396985022901
5 2.8396985022901
5 2.8444007689246
5 2.8564640719079
5 2.857673593633
5 2.857673593633
5 2.8706340480903
5 2.8706340480903
5 2.8711436715695
5 2.8728710186952
5 2.87582079127
5 2.8783060925216
5 2.8783060925216
5 2.8815525914732
5 2.8976354809178
5 2.9330127888104
5 2.9550555506426
5 2.9550555506426
5 2.9660970221378
5 2.9660970221378
5 2.9715723542881
5 2.9977996903587
5 3.0101331246426
5 3.0101331246426
5 3.0626219377292
5 3.0850295937131
5 3.1174400724103
5 3.1427886907759
5 3.1427886907759
5 3.1524731601004
5 3.1607014812979
5 3.1607014812979
5 3.1760120501254
5 3.2710635674259
5 3.3338804267313
5 3.3344730757554
5 3.3344730757554
5 3.340820265948
5 3.3846527566154
5 3.3993967763954
5 3.3993967763954
5 3.4863841685276
5 3.5400132785296
5 3.5400132785296
5 3.5520709705627
5 3.5638917100857
5 3.5712631317372
5 3.5759956790191
5 3.5759956790191
5 3.5826011209029
5 3.637950033521
5 3.6402574048464
5 3.6402574048464
5 3.6413092061845
5 3.6841497834693
5 3.7114952601691
5 3.7114952601691
5 3.7158553977036
5 3.7366593893578
5 3.7366593893578
5 3.7629350829091
5 3.7876876569312
5 3.8217789514748
5 3.8217789514748
5 3.8413688458665
5 3.8844038358366
5 3.9419864766461
5 3.9419864766461
5 3.9474240989011
5 3.9842318813083
5 3.9997565901944
5 4.0005104202004
5 4.0005104202004
5 4.0013966135282
5 4.0192986431706
5 4.0192986431706
5 4.0345598673194
5 4.0392223576732
5 4.0921490076352
5 4.1204357234052
5 4.1204357234052
5 4.1603613123485
5 4.4849872916151
5 4.491631388827
5 4.491631388827
5 4.4987291650572
5 4.6267234960808
5 4.6273986371958
5 4.6273986371958
5 4.6283015270261
5 5.3750740897685
5 5.3750892007774
5 5.3750892007774
5 5.3751044507252
6 1.7763568394003e-15
6 0.16883798253468
6 0.36925903745698
6 0.42831042511684
6 0.42831042511684
6 0.46394744875376
6 0.48959950102547
6 0.539780751612
6 0.539780751612
6 0.77361663018598
6 0.81152277517363
6 0.81152277517363
6 0.82262361200109
6 0.8360975519685
6 0.9201156599911
6 0.94616507752228
6 0.98855249682925
6 0.98855249682925
6 1.0046471105136
6 1.0046471105136
6 1.0787713828935
6 1.1019060550633
6 1.1019060550633
6 1.1234134658506
6 1.1349688527535
6 1.1743595682711
6 1.1901737431157
6 1.1901737431157
6 1.2108456821253
6 1.245799615585
6 1.3128384627881
6 1.3128384627881
6 1.3248999046356
6 1.3517023434195
6 1.3574551876481
6 1.3574551876481
6 1.3768150190149
6 1.3826111822966
6 1.3981792733346
6 1.4095639527219
6 1.4095639527219
6 1.4469460341612
6 1.4469460341612
6 1.4502829271326
6 1.4931370126328
6 1.515155880725
6 1.518407594546
6 1.5440274444884
6 1.5440274444884
6 1.5451044120832
6 1.5528638344986
6 1.5616586194592
6 1.591290914202
6 1.591290914202
6 1.6045058614253
6 1.6273518358477
6 1.6863967204085
6 1.6863967204085
6 1.6873862444127
6 1.6932379956785
6 1.7559000971309
6 1.7559000971309
6 1.789252217453
6 1.789252217453
6 1.8211389482151
6 1.852951661181
6 1.8545760741578
6 1.8545760741578
6 1.8654048186231
6 1.8867959882823
6 1.9224817309226
6 1.9248798674355
6 1.9400209328406
6 1.9400209328406
6 1.9966996776392
6 2.0019846095
6 2.0111694411965
6 2.0214679929629
6 2.0214679929629
6 2.0266552947979
6 2.0334027291082
6 2.0343892064528
6 2.0370954705485
6 2.0370954705485
6 2.0542919614853
6 2.0542919614853
6 2.059227303599
6 2.0897735791553
6 2.1045051070386
6 2.1045051070386
6 2.1098600734969
6 2.1429221076485
6 2.1551027646424
6 2.1551027646424
6 2.168258328001
6 2.1722504780963
6 2.1816405580385
6 2.1885277174101
6 2.2012638488092
6 2.2012638488092
6 2.2252760234602
6 2.2291305623672
6 2.2298205618575
6 2.2298205618575
6 2.254920923739
6 2.3022496363311
6 2.3022496363311
6 2.3083062091942
6 2.3121909342176
6 2.3248338111744
6 2.3248338111744
6 2.3405796874906
6 2.3405796874906
6 2.3433460695669
6 2.3544944816604
6 2.3582996182356
6 2.386052677374
6 2.386052677374
6 2.4071237576473
6 2.4103520144582
6 2.4103520144582
6 2.4265519503295
6 2.434227699058
6 2.4684545569246
6 2.4747795625623
6 2.4747795625623
6 2.4752960070193
6 2.4787309299351
6 2.5022149743756
6 2.5047290307174
6 2.5062227236675
6 2.5062227236675
6 2.5099866847898
6 2.5785121386738
6 2.588427452362
6 2.6028304222347
6 2.6028304222347
6 2.6096299916702
6 2.6329430517308
6 2.6329430517308
6 2.7008963456164
6 2.7345881582582
6 2.782857937213
6 2.7939753124723
6 2.7939753124723
6 2.7962239596821
6 2.7962239596821
6 2.809556488995
6 2.809556488995
6 2.8172785981496
6 2.8261509887546
6 2.8417723857157
6 2.8444007689246
6 2.8444007689246
6 2.8606317912059
6 2.8646877301346
6 2.8711436715695
6 2.8711436715695
6 2.8736171625612
6 2.8736403657844
6 2.8815525914732
6 2.8815525914732
6 2.8859216698068
6 2.9118681391531
6 2.9357821706551
6 2.9546048254343
6 2.9715723542881
6 2.9715723542881
6 2.9771576446132
6 3.0378373776686
6 3.0552296485925
6 3.0626219377292
6 3.0626219377292
6 3.0850295937131
6 3.0850295937131
6 3.1005931621515
6 3.1688974759646
6 3.1760120501254
6 3.1760120501254
6 3.1904903890619
6 3.2236787162744
6 3.2332170861889
6 3.2710635674259
6 3.2710635674259
6 3.3045370618741
6 3.340820265948
6 3.340820265948
6 3.3432325303408
6 3.379041852541
6 3.4863841685276
6 3.4863841685276
6 3.5222390080317
6 3.5447112330329
6 3.5464403646227
6 3.5500848131021
6 3.5520709705627
6 3.5520709705627
6 3.572977154877
6 3.5826011209029
6 3.5826011209029
6 3.6078224438555
6 3.6340990633036
6 3.637950033521
6 3.637950033521
6 3.6585248172906
6 3.6711452442998
6 3.6841497834693
6 3.6841497834693
6 3.6918759260067
6 3.7627970796722
6 3.7876876569312
6 3.7876876569312
6 3.8413688458665
6 3.8413688458665
6 3.8628078843323
6 3.8709299820553
6 3.9139442671696
6 3.9842318813083
6 3.9842318813083
6 3.9855257832429
6 3.9885301277726
6 3.9993028645899
6 3.9997565901944
6 3.9997565901944
6 4.0000942277323
6 4.0345598673194
6 4.0345598673194
6 4.0388422987276
6 4.0758994624359
6 4.1446811250081
6 4.1603613123485
6 4.1603613123485
6 4.184498933915
6 4.4924088513177
6 4.4987291650572
6 4.4987291650572
6 4.5055040511952
6 4.6276736198673
6 4.6283015270261
6 4.6283015270261
6 4.6291488663983
6 5.3750892199739
6 5.3751044507252
6 5.3751044507252
6 5.375119816471
7 0.15522191287581
7 0.32584568775593
7 0.32584568775593
7 0.42831042511684
7 0.539780751612
7 0.66224091933203
7 0.66224091933203
7 0.66545865976191
7 0.81152277517363
7 0.84482573782342
7 0.84482573782342
7 0.88292276011392
7 0.95710713371594
7 0.98855249682926
7 1.0046471105136
7 1.0068898340894
7 1.0074567755385
7 1.0074567755385
7 1.0492663956884
7 1.0492663956884
7 1.0541425354767
7 1.1019060550633
7 1.1087849860322
7 1.1087849860322
7 1.1429354889477
7 1.1832763383794
7 1.1832763383794
7 1.1901737431157
7 1.2280867448231
7 1.2645651337036
7 1.2645651337036
7 1.2935566220552
7 1.3128384627881
7 1.3500307334981
7 1.3500307334981
7 1.3574551876481
7 1.3769429786043
7 1.3871479964139
7 1.3871479964139
7 1.4095639527219
7 1.4469460341612
7 1.4851340685058
7 1.5415426287034
7 1.5415426287034
7 1.5440274444884
7 1.5561720214774
7 1.5734076756975
7 1.5734076756975
7 1.591290914202
7 1.6095803725871
7 1.6095803725871
7 1.6194331203792
7 1.6755536366732
7 1.6863967204085
7 1.7255818954139
7 1.7255818954139
7 1.7445988563832
7 1.7445988563832
7 1.7488423612844
7 1.7559000971309
7 1.789252217453
7 1.8226970971592
7 1.8340457155911
7 1.8340457155911
7 1.8545760741578
7 1.8766743355697
7 1.8833167633768
7 1.8833167633768
7 1.9033980126322
7 1.9294411662481
7 1.9294411662481
7 1.9400209328406
7 1.952958089434
7 1.9968829369715
7 1.9968829369715
7 2.0016870764109
7 2.0214679929629
7 2.025213777342
7 2.036473662133
7 2.036473662133
7 2.0370954705485
7 2.0542919614853
7 2.0575486072406
7 2.0575486072406
7 2.0711450998711
7 2.0711450998711
7 2.0712678752154
7 2.090594448318
7 2.0990150895268
7 2.0990150895268
7 2.1045051070386
7 2.1332757574563
7 2.1332757574563
7 2.151660579631
7 2.1551027646424
7 2.2012638488092
7 2.2219216946018
7 2.228566034482
7 2.228566034482
7 2.2298205618575
7 2.2568054508585
7 2.3022496363311
7 2.3030267473282
7 2.3030267473283
7 2.3185177899142
7 2.3208599989182
7 2.3208599989182
7 2.3248338111744
7 2.3405796874906
7 2.3579610184014
7 2.3694447992555
7 2.3694447992555
7 2.386052677374
7 2.3882859423046
7 2.3882859423046
7 2.3991249633198
7 2.4103520144582
7 2.4259854635067
7 2.4259854635067
7 2.4537981926683
7 2.464979996255
7 2.4747795625623
7 2.4768295135449
7 2.4768295135449
7 2.4952311414334
7 2.4985306668259
7 2.4985306668259
7 2.5062227236675
7 2.5080986174148
7 2.5467250377787
7 2.5467250377787
7 2.5847742181296
7 2.5847742181296
7 2.6028304222347
7 2.613947060326
7 2.6170126787497
7 2.6170126787497
7 2.6329430517308
7 2.7436974846029
7 2.7648049244556
7 2.793964535169
7 2.793964535169
7 2.7939753124723
7 2.7962239596821
7 2.809556488995
7 2.8330922659537
7 2.8396985022901
7 2.8396985022901
7 2.8444007689246
7 2.8564640719079
7 2.857673593633
7 2.857673593633
7 2.8706340480903
7 2.8706340480903
7 2.8711436715695
7 2.8728710186952
7 2.87582079127
7 2.8783060925216
7 2.8783060925216
7 2.8815525914732
7 2.8976354809178
7 2.9330127888104
7 2.9550555506426
7 2.9550555506426
7 2.9660970221378
7 2.9660970221378
7 2.9715723542882
7 2.9977996903587
7 3.0101331246426
7 3.0101331246426
7 3.0626219377292
7 3.0850295937131
7 3.1174400724103
7 3.1427886907759
7 3.1427886907759
7 3.1524731601004
7 3.1607014812979
7 3.1607014812979
7 3.1760120501254
7 3.2710635674259
7 3.3338804267313
7 3.3344730757554
7 3.3344730757554
7 3.340820265948
7 3.3846527566154
7 3.3993967763954
7 3.3993967763954
7 3.4863841685276
7 3.5400132785296
7 3.5400132785296
7 3.5520709705627
7 3.5638917100857
7 3.5712631317372
7 3.5759956790191
7 3.5759956790191
7 3.5826011209029
7 3.637950033521
7 3.6402574048464
7 3.6402574048464
7 3.6413092061845
7 3.6841497834693
7 3.7114952601691
7 3.7114952601691
7 3.7158553977036
7 3.7366593893578
7 3.7366593893578
7 3.7629350829091
7 3.7876876569312
7 3.8217789514748
7 3.8217789514748
7 3.8413688458665
7 3.8844038358366
7 3.9419864766461
7 3.9419864766461
7 3.9474240989011
7 3.9842318813083
7 3.9997565901944
7 4.0005104202004
7 4.0005104202004
7 4.0013966135282
7 4.0192986431706
7 4.0192986431706
7 4.0345598673194
7 4.0392223576732
7 4.0921490076352
7 4.1204357234052
7 4.1204357234052
7 4.1603613123485
7 4.4849872916151
7 4.491631388827
7 4.491631388827
7 4.4987291650572
7 4.6267234960808
7 4.6273986371958
7 4.6273986371958
7 4.6283015270261
7 5.3750740897685
7 5.3750892007774
7 5.3750892007774
7 5.3751044507252
8 0.13523669288488
8 0.15522191287582
8 0.15522191287582
8 0.16883798253469
8 0.46394744875375
8 0.6654586597619
8 0.66545865976191
8 0.69865465090824
8 0.76927668607795
8 0.77361663018597
8 0.8360975519685
8 0.85290879894721
8 0.88292276011392
8 0.88292276011392
8 0.94616507752228
8 0.95710713371595
8 0.95710713371595
8 0.99171193739251
8 1.0068898340894
8 1.0068898340894
8 1.0314683905068
8 1.0403899041008
8 1.0541425354767
8 1.0541425354767
8 1.0787713828935
8 1.1429354889477
8 1.1429354889477
8 1.1743595682711
8 1.2108456821253
8 1.2280867448231
8 1.2280867448231
8 1.2337945784479
8 1.2935566220552
8 1.2935566220552
8 1.3050169336161
8 1.3234517812391
8 1.3517023434195
8 1.3769429786043
8 1.3769429786043
8 1.3826111822966
8 1.3981792733346
8 1.4851340685058
8 1.4851340685058
8 1.515155880725
8 1.5245508604082
8 1.5351033925123
8 1.5451044120832
8 1.5561720214774
8 1.5561720214774
8 1.6045058614253
8 1.6194331203792
8 1.6194331203792
8 1.6256328914474
8 1.6273518358477
8 1.6471498843401
8 1.6755536366732
8 1.6755536366732
8 1.7294712243654
8 1.7390741498285
8 1.7488423612844
8 1.7488423612844
8 1.8211389482151
8 1.8226970971592
8 1.8226970971592
8 1.8400355923839
8 1.8654048186231
8 1.8766743355697
8 1.8766743355697
8 1.8867959882823
8 1.8909205422825
8 1.9033980126322
8 1.9033980126322
8 1.9224817309226
8 1.9514478245482
8 1.952958089434
8 1.952958089434
8 1.9659572000001
8 1.9720445771151
8 1.9966028402199
8 1.9966996776392
8 2.0016870764109
8 2.0016870764109
8 2.0111694411965
8 2.025213777342
8 2.025213777342
8 2.0334027291082
8 2.0343892064528
8 2.0379885725709
8 2.0548897104371
8 2.0712678752154
8 2.0712678752154
8 2.090594448318
8 2.090594448318
8 2.1098600734969
8 2.151660579631
8 2.151660579631
8 2.168258328001
8 2.1722504780963
8 2.1854607550501
8 2.2097345498303
8 2.2219216946018
8 2.2219216946018
8 2.2252760234602
8 2.254920923739
8 2.2568054508585
8 2.2568054508585
8 2.2716763474114
8 2.3023974766428
8 2.3185177899142
8 2.3185177899142
8 2.3579610184014
8 2.3579610184014
8 2.3582996182356
8 2.3614648014794
8 2.3914185420836
8 2.3991249633198
8 2.3991249633198
8 2.4071237576473
8 2.418356080445
8 2.434227699058
8 2.4385446292946
8 2.4537981926683
8 2.4537981926683
8 2.464979996255
8 2.464979996255
8 2.4684545569246
8 2.4787309299351
8 2.4934579345498
8 2.4952311414334
8 2.4952311414334
8 2.5022149743756
8 2.5038417115481
8 2.5047290307174
8 2.5080986174148
8 2.5080986174148
8 2.5439106778821
8 2.588427452362
8 2.6054492605815
8 2.613947060326
8 2.613947060326
8 2.7345881582582
8 2.7436974846029
8 2.7436974846029
8 2.7633620128095
8 2.7648049244556
8 2.7648049244556
8 2.8171351258704
8 2.8261509887546
8 2.8330922659537
8 2.8330922659537
8 2.8335231839303
8 2.8417723857157
8 2.8564640719079
8 2.8564640719079
8 2.8646877301346
8 2.8695434186532
8 2.8728710186952
8 2.8728710186952
8 2.8754282838539
8 2.87582079127
8 2.87582079127
8 2.8764615413854
8 2.8859216698068
8 2.8976354809178
8 2.8976354809178
8 2.9118681391531
8 2.921964609127
8 2.9330127888104
8 2.9330127888104
8 2.9357821706551
8 2.9381685543331
8 2.9680538196225
8 2.9771576446132
8 2.9977996903587
8 2.9977996903587
8 3.0088245532531
8 3.0552296485925
8 3.1142121331865
8 3.1174400724103
8 3.1174400724103
8 3.1524731601004
8 3.1524731601004
8 3.2236787162744
8 3.2332170861889
8 3.3045370618741
8 3.3338804267313
8 3.3338804267313
8 3.3662066774699
8 3.366360749432
8 3.3846527566154
8 3.3846527566154
8 3.5447112330329
8 3.5500848131021
8 3.5615010839764
8 3.5638917100857
8 3.5638917100857
8 3.5712631317372
8 3.5712631317372
8 3.5728957240488
8 3.572977154877
8 3.6340990633036
8 3.6413092061845
8 3.6413092061845
8 3.6440562334371
8 3.6711452442998
8 3.7158553977036
8 3.7158553977036
8 3.7517407052349
8 3.7629350829091
8 3.7629350829091
8 3.7857458130657
8 3.8628078843323
8 3.8709299820552
8 3.8844038358366
8 3.8844038358366
8 3.9410002926122
8 3.9474240989011
8 3.9474240989011
8 3.9518992918812
8 3.9855257832429
8 3.9993028645899
8 4.0013966135282
8 4.0013966135282
8 4.0094144417069
8 4.0388422987276
8 4.0392223576732
8 4.0392223576732
8 4.0442072071154
8 4.0581805137759
8 4.0921490076352
8 4.0921490076352
8 4.1446811250081
8 4.478016615674
8 4.4849872916151
8 4.4849872916151
8 4.4924088513177
8 4.6260082125048
8 4.6267234960808
8 4.6267234960808
8 4.6276736198673
8 5.3750590992596
8 5.3750740897685
8 5.3750740897685
8 5.3750892199739
9 0.15522191287582
9 0.32584568775593
9 0.32584568775593
9 0.42831042511684
9 0.53978075161199
9 0.66224091933203
9 0.66224091933203
9 0.66545865976191
9 0.81152277517363
9 0.84482573782342
9 0.84482573782343
9 0.88292276011392
9 0.95710713371595
9 0.98855249682925
9 1.0046471105136
9 1.0068898340894
9 1.0074567755385
9 1.0074567755385
9 1.0492663956884
9 1.0492663956884
9 1.0541425354767
9 1.1019060550633
9 1.1087849860322
9 1.1087849860322
9 1.1429354889477
9 1.1832763383794
9 1.1832763383794
9 1.1901737431157
9 1.2280867448231
9 1.2645651337036
9 1.2645651337036
9 1.2935566220552
9 1.3128384627881
9 1.3500307334981
9 1.3500307334981
9 1.3574551876481
9 1.3769429786043
9 1.3871479964139
9 1.3871479964139
9 1.4095639527219
9 1.4469460341612
9 1.4851340685058
9 1.5415426287034
9 1.5415426287034
9 1.5440274444884
9 1.5561720214774
9 1.5734076756975
9 1.5734076756975
9 1.591290914202
9 1.6095803725871
9 1.6095803725871
9 1.6194331203792
9 1.6755536366732
9 1.6863967204085
9 1.7255818954139
9 1.7255818954139
9 1.7445988563832
9 1.7445988563832
9 1.7488423612844
9 1.7559000971309
9 1.789252217453
9 1.8226970971592
9 1.8340457155911
9 1.8340457155911
9 1.8545760741578
9 1.8766743355697
9 1.8833167633768
9 1.8833167633768
9 1.9033980126322
9 1.9294411662481
9 1.9294411662481
9 1.9400209328406
9 1.952958089434
9 1.9968829369715
9 1.9968829369715
9 2.0016870764109
9 2.0214679929629
9 2.025213777342
9 2.036473662133
9 2.036473662133
9 2.0370954705485
9 2.0542919614853
9 2.0575486072406
9 2.0575486072406
9 2.0711450998711
9 2.0711450998711
9 2.0712678752153
9 2.090594448318
9 2.0990150895268
9 2.0990150895268
9 2.1045051070386
9 2.1332757574563
9 2.1332757574563
9 2.151660579631
9 2.1551027646424
9 2.2012638488092
9 2.2219216946018
9 2.228566034482
9 2.228566034482
9 2.2298205618575
9 2.2568054508585
9 2.3022496363311
9 2.3030267473283
9 2.3030267473283
9 2.3185177899142
9 2.3208599989182
9 2.3208599989182
9 2.3248338111744
9 2.3405796874906
9 2.3579610184014
9 2.3694447992555
9 2.3694447992555
9 2.386052677374
9 2.3882859423046
9 2.3882859423046
9 2.3991249633198
9 2.4103520144582
9 2.4259854635067
9 2.4259854635067
9 2.4537981926683
9 2.464979996255
9 2.4747795625623
9 2.4768295135449
9 2.4768295135449
9 2.4952311414334
9 2.4985306668259
9 2.4985306668259
9 2.5062227236675
9 2.5080986174148
9 2.5467250377787
9 2.5467250377787
9 2.5847742181296
9 2.5847742181296
9 2.6028304222347
9 2.613947060326
9 2.6170126787497
9 2.6170126787497
9 2.6329430517308
9 2.7436974846029
9 2.7648049244556
9 2.793964535169
9 2.793964535169
9 2.7939753124723
9 2.7962239596821
9 2.809556488995
9 2.8330922659537
9 2.8396985022901
9 2.8396985022901
9 2.8444007689246
9 2.8564640719079
9 2.857673593633
9 2.857673593633
9 2.8706340480903
9 2.8706340480903
9 2.8711436715695
9 2.8728710186952
9 2.87582079127
9 2.8783060925216
9 2.8783060925216
9 2.8815525914732
9 2.8976354809178
9 2.9330127888104
9 2.9550555506426
9 2.9550555506426
9 2.9660970221378
9 2.9660970221378
9 2.9715723542881
9 2.9977996903587
9 3.0101331246426
9 3.0101331246426
9 3.0626219377292
9 3.0850295937131
9 3.1174400724103
9 3.1427886907759
9 3.1427886907759
9 3.1524731601004
9 3.1607014812979
9 3.1607014812979
9 3.1760120501254
9 3.2710635674259
9 3.3338804267313
9 3.3344730757554
9 3.3344730757554
9 3.340820265948
9 3.3846527566154
9 3.3993967763954
9 3.3993967763954
9 3.4863841685276
9 3.5400132785295
9 3.5400132785296
9 3.5520709705627
9 3.5638917100857
9 3.5712631317372
9 3.5759956790191
9 3.5759956790191
9 3.5826011209029
9 3.637950033521
9 3.6402574048464
9 3.6402574048464
9 3.6413092061845
9 3.6841497834693
9 3.7114952601691
9 3.7114952601691
9 3.7158553977036
9 3.7366593893578
9 3.7366593893578
9 3.7629350829091
9 3.7876876569312
9 3.8217789514748
9 3.8217789514748
9 3.8413688458665
9 3.8844038358366
9 3.9419864766461
9 3.9419864766461
9 3.9474240989011
9 3.9842318813083
9 3.9997565901944
9 4.0005104202004
9 4.0005104202004
9 4.0013966135282
9 4.0192986431706
9 4.0192986431706
9 4.0345598673194
9 4.0392223576732
9 4.0921490076352
9 4.1204357234052
9 4.1204357234052
9 4.1603613123485
9 4.4849872916151
9 4.491631388827
9 4.491631388827
9 4.4987291650572
9 4.6267234960808
9 4.6273986371958
9 4.6273986371958
9 4.6283015270261
9 5.3750740897685
9 5.3750892007774
9 5.3750892007774
9 5.3751044507252
10 -3.5527136788005e-15
10 0.16883798253469
10 0.36925903745698
10 0.42831042511684
10 0.42831042511684
10 0.46394744875375
10 0.48959950102547
10 0.539780751612
10 0.539780751612
10 0.77361663018597
10 0.81152277517363
10 0.81152277517363
10 0.82262361200109
10 0.8360975519685
10 0.9201156599911
10 0.94616507752228
10 0.98855249682925
10 0.98855249682925
10 1.0046471105136
10 1.0046471105136
10 1.0787713828935
10 1.1019060550633
10 1.1019060550633
10 1.1234134658506
10 1.1349688527535
10 1.1743595682711
10 1.1901737431157
10 1.1901737431157
10 1.2108456821253
10 1.245799615585
10 1.3128384627881
10 1.3128384627881
10 1.3248999046356
10 1.3517023434195
10 1.3574551876481
10 1.3574551876481
10 1.3768150190149
10 1.3826111822966
10 1.3981792733346
10 1.4095639527219
10 1.4095639527219
10 1.4469460341612
10 1.4469460341612
10 1.4502829271326
10 1.4931370126328
10 1.515155880725
10 1.518407594546
10 1.5440274444884
10 1.5440274444884
10 1.5451044120832
10 1.5528638344986
10 1.5616586194592
10 1.591290914202
10 1.591290914202
10 1.6045058614253
10 1.6273518358477
10 1.6863967204085
10 1.6863967204085
10 1.6873862444127
10 1.6932379956785
10 1.7559000971309
10 1.7559000971309
10 1.789252217453
10 1.789252217453
10 1.8211389482151
10 1.852951661181
10 1.8545760741578
10 1.8545760741578
10 1.8654048186231
10 1.8867959882823
10 1.9224817309226
10 1.9248798674355
10 1.9400209328406
10 1.9400209328406
10 1.9966996776392
10 2.0019846095
10 2.0111694411965
10 2.0214679929629
10 2.0214679929629
10 2.0266552947979
10 2.0334027291082
10 2.0343892064528
10 2.0370954705485
10 2.0370954705485
10 2.0542919614853
10 2.0542919614853
10 2.059227303599
10 2.0897735791553
10 2.1045051070386
10 2.1045051070386
10 2.1098600734969
10 2.1429221076485
10 2.1551027646424
10 2.1551027646424
10 2.168258328001
10 2.1722504780963
10 2.1816405580385
10 2.1885277174101
10 2.2012638488092
10 2.2012638488092
10 2.2252760234602
10 2.2291305623672
10 2.2298205618575
10 2.2298205618575
10 2.254920923739
10 2.3022496363311
10 2.3022496363311
10 2.3083062091942
10 2.3121909342176
10 2.3248338111744
10 2.3248338111744
10 2.3405796874906
10 2.3405796874906
10 2.3433460695669
10 2.3544944816604
10 2.3582996182356
10 2.386052677374
10 2.386052677374
10 2.4071237576473
10 2.4103520144582
10 2.4103520144582
10 2.4265519503295
10 2.434227699058
10 2.4684545569246
10 2.4747795625623
10 2.4747795625623
10 2.4752960070193
10 2.4787309299351
10 2.5022149743756
10 2.5047290307174
10 2.5062227236675
10 2.5062227236675
10 2.5099866847898
10 2.5785121386738
10 2.588427452362
10 2.6028304222347
10 2.6028304222347
10 2.6096299916702
10 2.6329430517308
10 2.6329430517308
10 2.7008963456164
10 2.7345881582582
10 2.7828579372129
10 2.7939753124723
10 2.7939753124723
10 2.7962239596821
10 2.7962239596821
10 2.809556488995
10 2.809556488995
10 2.8172785981496
10 2.8261509887546
10 2.8417723857157
10 2.8444007689246
10 2.8444007689246
10 2.8606317912059
10 2.8646877301346
10 2.8711436715695
10 2.8711436715695
10 2.8736171625612
10 2.8736403657844
10 2.8815525914732
10 2.8815525914732
10 2.8859216698068
10 2.9118681391531
10 2.9357821706551
10 2.9546048254343
10 2.9715723542881
10 2.9715723542881
10 2.9771576446132
10 3.0378373776686
10 3.0552296485925
10 3.0626219377292
10 3.0626219377292
10 3.0850295937131
10 3.0850295937131
10 3.1005931621515
10 3.1688974759646
10 3.1760120501254
10 3.1760120501254
10 3.1904903890619
10 3.2236787162744
10 3.2332170861889
10 3.2710635674259
10 3.2710635674259
10 3.3045370618741
10 3.340820265948
10 3.340820265948
10 3.3432325303408
10 3.379041852541
10 3.4863841685276
10 3.4863841685276
10 3.5222390080317
10 3.5447112330329
10 3.5464403646227
10 3.5500848131021
10 3.5520709705627
10 3.5520709705627
10 3.572977154877
10 3.5826011209029
10 3.5826011209029
10 3.6078224438555
10 3.6340990633036
10 3.637950033521
10 3.637950033521
10 3.6585248172906
10 3.6711452442998
10 3.6841497834693
10 3.6841497834693
10 3.6918759260067
10 3.7627970796722
10 3.7876876569312
10 3.7876876569312
10 3.8413688458665
10 3.8413688458665
10 3.8628078843323
10 3.8709299820552
10 3.9139442671696
10 3.9842318813083
10 3.9842318813083
10 3.9855257832429
10 3.9885301277726
10 3.9993028645899
10 3.9997565901944
10 3.9997565901944
10 4.0000942277323
10 4.0345598673194
10 4.0345598673194
10 4.0388422987276
10 4.0758994624359
10 4.1446811250081
10 4.1603613123485
10 4.1603613123485
10 4.184498933915
10 4.4924088513177
10 4.4987291650572
10 4.4987291650572
10 4.5055040511952
10 4.6276736198673
10 4.6283015270261
10 4.6283015270261
10 4.6291488663983
10 5.3750892199739
10 5.3751044507252
10 5.3751044507252
10 5.375119816471
11 0.15522191287582
11 0.32584568775593
11 0.32584568775593
11 0.42831042511684
11 0.539780751612
11 0.66224091933203
11 0.66224091933203
11 0.66545865976192
11 0.81152277517363
11 0.84482573782342
11 0.84482573782342
11 0.88292276011392
11 0.95710713371595
11 0.98855249682925
11 1.0046471105136
11 1.0068898340894
11 1.0074567755385
11 1.0074567755385
11 1.0492663956884
11 1.0492663956884
11 1.0541425354767
11 1.1019060550633
11 1.1087849860322
11 1.1087849860322
11 1.1429354889477
11 1.1832763383794
11 1.1832763383794
11 1.1901737431157
11 1.2280867448231
11 1.2645651337036
11 1.2645651337036
11 1.2935566220552
11 1.3128384627881
11 1.3500307334981
11 1.3500307334981
11 1.3574551876481
11 1.3769429786043
11 1.3871479964139
11 1.3871479964139
11 1.4095639527219
11 1.4469460341612
11 1.4851340685058
11 1.5415426287034
11 1.5415426287034
11 1.5440274444884
11 1.5561720214774
11 1.5734076756975
11 1.5734076756975
11 1.591290914202
11 1.6095803725871
11 1.6095803725871
11 1.6194331203792
11 1.6755536366732
11 1.6863967204085
11 1.7255818954139
11 1.7255818954139
11 1.7445988563832
11 1.7445988563832
11 1.7488423612844
11 1.7559000971309
11 1.789252217453
11 1.8226970971592
11 1.8340457155911
11 1.8340457155911
11 1.8545760741578
11 1.8766743355697
11 1.8833167633768
11 1.8833167633768
11 1.9033980126322
11 1.9294411662481
11 1.9294411662481
11 1.9400209328406
11 1.952958089434
11 1.9968829369715
11 1.9968829369715
11 2.0016870764109
11 2.0214679929629
11 2.025213777342
11 2.036473662133
11 2.036473662133
11 2.0370954705485
11 2.0542919614853
11 2.0575486072406
11 2.0575486072406
11 2.0711450998711
11 2.0711450998711
11 2.0712678752153
11 2.090594448318
11 2.0990150895268
11 2.0990150895268
11 2.1045051070386
11 2.1332757574563
11 2.1332757574563
11 2.151660579631
11 2.1551027646424
11 2.2012638488092
11 2.2219216946018
11 2.228566034482
11 2.228566034482
11 2.2298205618575
11 2.2568054508585
11 2.3022496363311
11 2.3030267473282
11 2.3030267473283
11 2.3185177899142
11 2.3208599989182
11 2.3208599989182
11 2.3248338111744
11 2.3405796874906
11 2.3579610184014
11 2.3694447992555
11 2.3694447992555
11 2.386052677374
11 2.3882859423046
11 2.3882859423046
11 2.3991249633198
11 2.4103520144582
11 2.4259854635067
11 2.4259854635067
11 2.4537981926683
11 2.464979996255
11 2.4747795625623
11 2.4768295135449
11 2.4768295135449
11 2.4952311414334
11 2.4985306668259
11 2.4985306668259
11 2.5062227236675
11 2.5080986174148
11 2.5467250377787
11 2.5467250377787
11 2.5847742181296
11 2.5847742181296
11 2.6028304222347
11 2.613947060326
11 2.6170126787497
11 2.6170126787497
11 2.6329430517308
11 2.7436974846029
11 2.7648049244556
11 2.793964535169
11 2.793964535169
11 2.7939753124723
11 2.7962239596821
11 2.809556488995
11 2.8330922659537
11 2.8396985022901
11 2.8396985022901
11 2.8444007689246
11 2.8564640719079
11 2.857673593633
11 2.857673593633
11 2.8706340480903
11 2.8706340480903
11 2.8711436715695
11 2.8728710186952
11 2.87582079127
11 2.8783060925216
11 2.8783060925216
11 2.8815525914732
11 2.8976354809178
11 2.9330127888104
11 2.9550555506426
11 2.9550555506426
11 2.9660970221378
11 2.9660970221378
11 2.9715723542881
11 2.9977996903587
11 3.0101331246426
11 3.0101331246426
11 3.0626219377292
11 3.0850295937131
11 3.1174400724103
11 3.1427886907759
11 3.1427886907759
11 3.1524731601004
11 3.1607014812979
11 3.1607014812979
11 3.1760120501254
11 3.2710635674259
11 3.3338804267313
11 3.3344730757554
11 3.3344730757554
11 3.340820265948
11 3.3846527566154
11 3.3993967763954
11 3.3993967763954
11 3.4863841685276
11 3.5400132785296
11 3.5400132785296
11 3.5520709705627
11 3.5638917100857
11 3.5712631317372
11 3.5759956790191
11 3.5759956790191
11 3.5826011209029
11 3.637950033521
11 3.6402574048464
11 3.6402574048464
11 3.6413092061845
11 3.6841497834693
11 3.7114952601691
11 3.7114952601691
11 3.7158553977036
11 3.7366593893578
11 3.7366593893578
11 3.7629350829091
11 3.7876876569312
11 3.8217789514748
11 3.8217789514748
11 3.8413688458665
11 3.8844038358366
11 3.9419864766461
11 3.9419864766461
11 3.9474240989011
11 3.9842318813083
11 3.9997565901944
11 4.0005104202004
11 4.0005104202004
11 4.0013966135282
11 4.0192986431706
11 4.0192986431706
11 4.0345598673194
11 4.0392223576732
11 4.0921490076352
11 4.1204357234052
11 4.1204357234052
11 4.1603613123485
11 4.4849872916151
11 4.491631388827
11 4.491631388827
11 4.4987291650572
11 4.6267234960808
11 4.6273986371958
11 4.6273986371958
11 4.6283015270261
11 5.3750740897685
11 5.3750892007774
11 5.3750892007774
11 5.3751044507252
12 0.13523669288488
12 0.15522191287581
12 0.15522191287581
12 0.16883798253468
12 0.46394744875376
12 0.66545865976191
12 0.66545865976191
12 0.69865465090824
12 0.76927668607795
12 0.77361663018598
12 0.8360975519685
12 0.85290879894721
12 0.88292276011392
12 0.88292276011393
12 0.94616507752229
12 0.95710713371595
12 0.95710713371595
12 0.99171193739251
12 1.0068898340894
12 1.0068898340894
12 1.0314683905068
12 1.0403899041008
12 1.0541425354767
12 1.0541425354767
12 1.0787713828935
12 1.1429354889477
12 1.1429354889477
12 1.1743595682711
12 1.2108456821253
12 1.2280867448231
12 1.2280867448231
12 1.2337945784479
12 1.2935566220552
12 1.2935566220552
12 1.3050169336161
12 1.3234517812391
12 1.3517023434195
12 1.3769429786043
12 1.3769429786043
12 1.3826111822966
12 1.3981792733346
12 1.4851340685058
12 1.4851340685058
12 1.515155880725
12 1.5245508604082
12 1.5351033925123
12 1.5451044120832
12 1.5561720214774
12 1.5561720214774
12 1.6045058614253
12 1.6194331203792
12 1.6194331203792
12 1.6256328914474
12 1.6273518358477
12 1.6471498843401
12 1.6755536366732
12 1.6755536366732
12 1.7294712243654
12 1.7390741498285
12 1.7488423612844
12 1.7488423612844
12 1.8211389482151
12 1.8226970971592
12 1.8226970971592
12 1.8400355923839
12 1.8654048186231
12 1.8766743355697
12 1.8766743355697
12 1.8867959882823
12 1.8909205422825
12 1.9033980126322
12 1.9033980126322
12 1.9224817309226
12 1.9514478245482
12 1.952958089434
12 1.952958089434
12 1.9659572000001
12 1.9720445771151
12 1.9966028402199
12 1.9966996776392
12 2.0016870764109
12 2.0016870764109
12 2.0111694411965
12 2.025213777342
12 2.025213777342
12 2.0334027291082
12 2.0343892064528
12 2.0379885725709
12 2.0548897104371
12 2.0712678752154
12 2.0712678752154
12 2.090594448318
12 2.090594448318
12 2.1098600734969
12 2.151660579631
12 2.151660579631
12 2.168258328001
12 2.1722504780963
12 2.1854607550501
12 2.2097345498303
12 2.2219216946018
12 2.2219216946018
12 2.2252760234602
12 2.254920923739
12 2.2568054508585
12 2.2568054508585
12 2.2716763474114
12 2.3023974766428
12 2.3185177899142
12 2.3185177899142
12 2.3579610184014
12 2.3579610184014
12 2.3582996182356
12 2.3614648014794
12 2.3914185420836
12 2.3991249633198
12 2.3991249633198
12 2.4071237576473
12 2.418356080445
12 2.434227699058
12 2.4385446292946
12 2.4537981926683
12 2.4537981926683
12 2.464979996255
12 2.464979996255
12 2.4684545569246
12 2.4787309299351
12 2.4934579345498
12 2.4952311414334
12 2.4952311414334
12 2.5022149743756
12 2.5038417115481
12 2.5047290307174
12 2.5080986174148
12 2.5080986174148
12 2.5439106778821
12 2.588427452362
12 2.6054492605815
12 2.613947060326
12 2.613947060326
12 2.7345881582582
12 2.7436974846029
12 2.7436974846029
12 2.7633620128095
12 2.7648049244556
12 2.7648049244556
12 2.8171351258704
12 2.8261509887546
12 2.8330922659536
12 2.8330922659537
12 2.8335231839303
12 2.8417723857157
12 2.8564640719079
12 2.8564640719079
12 2.8646877301346
12 2.8695434186532
12 2.8728710186952
12 2.8728710186952
12 2.8754282838539
12 2.87582079127
12 2.87582079127
12 2.8764615413854
12 2.8859216698068
12 2.8976354809178
12 2.8976354809178
12 2.9118681391531
12 2.921964609127
12 2.9330127888104
12 2.9330127888104
12 2.9357821706551
12 2.9381685543331
12 2.9680538196225
12 2.9771576446132
12 2.9977996903587
12 2.9977996903587
12 3.0088245532531
12 3.0552296485925
12 3.1142121331865
12 3.1174400724103
12 3.1174400724103
12 3.1524731601004
12 3.1524731601004
12 3.2236787162744
12 3.2332170861889
12 3.3045370618741
12 3.3338804267313
12 3.3338804267313
12 3.3662066774699
12 3.366360749432
12 3.3846527566154
12 3.3846527566154
12 3.5447112330329
12 3.5500848131021
12 3.5615010839764
12 3.5638917100857
12 3.5638917100857
12 3.5712631317372
12 3.5712631317372
12 3.5728957240488
12 3.572977154877
12 3.6340990633036
12 3.6413092061845
12 3.6413092061845
12 3.6440562334371
12 3.6711452442998
12 3.7158553977036
12 3.7158553977036
12 3.7517407052349
12 3.7629350829091
12 3.7629350829091
12 3.7857458130657
12 3.8628078843323
12 3.8709299820552
12 3.8844038358366
12 3.8844038358366
12 3.9410002926122
12 3.9474240989011
12 3.9474240989011
12 3.9518992918812
12 3.9855257832429
12 3.9993028645899
12 4.0013966135282
12 4.0013966135282
12 4.0094144417069
12 4.0388422987276
12 4.0392223576732
12 4.0392223576732
12 4.0442072071154
12 4.0581805137759
12 4.0921490076352
12 4.0921490076352
12 4.1446811250081
12 4.478016615674
12 4.4849872916151
12 4.4849872916151
12 4.4924088513177
12 4.6260082125048
12 4.6267234960808
12 4.6267234960808
12 4.6276736198673
12 5.3750590992596
12 5.3750740897685
12 5.3750740897685
12 5.3750892199739
13 0.15522191287582
13 0.32584568775593
13 0.32584568775593
13 0.42831042511684
13 0.539780751612
13 0.66224091933202
13 0.66224091933203
13 0.66545865976191
13 0.81152277517363
13 0.84482573782342
13 0.84482573782342
13 0.88292276011392
13 0.95710713371595
13 0.98855249682925
13 1.0046471105136
13 1.0068898340894
13 1.0074567755385
13 1.0074567755385
13 1.0492663956884
13 1.0492663956884
13 1.0541425354767
13 1.1019060550633
13 1.1087849860322
13 1.1087849860322
13 1.1429354889477
13 1.1832763383794
13 1.1832763383794
13 1.1901737431157
13 1.2280867448231
13 1.2645651337036
13 1.2645651337036
13 1.2935566220552
13 1.3128384627881
13 1.3500307334981
13 1.3500307334981
13 1.3574551876481
13 1.3769429786043
13 1.3871479964139
13 1.3871479964139
13 1.4095639527219
13 1.4469460341612
13 1.4851340685058
13 1.5415426287034
13 1.5415426287034
13 1.5440274444884
13 1.5561720214774
13 1.5734076756975
13 1.5734076756975
13 1.591290914202
13 1.6095803725871
13 1.6095803725871
13 1.6194331203792
13 1.6755536366732
13 1.6863967204085
13 1.7255818954139
13 1.7255818954139
13 1.7445988563832
13 1.7445988563832
13 1.7488423612844
13 1.7559000971309
13 1.789252217453
13 1.8226970971592
13 1.8340457155911
13 1.8340457155911
13 1.8545760741578
13 1.8766743355697
13 1.8833167633768
13 1.8833167633768
13 1.9033980126322
13 1.9294411662481
13 1.9294411662481
13 1.9400209328406
13 1.952958089434
13 1.9968829369715
13 1.9968829369715
13 2.0016870764109
13 2.0214679929629
13 2.025213777342
13 2.036473662133
13 2.036473662133
13 2.0370954705485
13 2.0542919614853
13 2.0575486072406
13 2.0575486072406
13 2.0711450998711
13 2.0711450998711
13 2.0712678752153
13 2.090594448318
13 2.0990150895268
13 2.0990150895268
13 2.1045051070386
13 2.1332757574563
13 2.1332757574563
13 2.151660579631
13 2.1551027646424
13 2.2012638488092
13 2.2219216946018
13 2.228566034482
13 2.228566034482
13 2.2298205618575
13 2.2568054508585
13 2.3022496363311
13 2.3030267473282
13 2.3030267473283
13 2.3185177899142
13 2.3208599989182
13 2.3208599989182
13 2.3248338111744
13 2.3405796874906
13 2.3579610184014
13 2.3694447992555
13 2.3694447992555
13 2.386052677374
13 2.3882859423046
13 2.3882859423046
13 2.3991249633198
13 2.4103520144582
13 2.4259854635067
13 2.4259854635067
13 2.4537981926683
13 2.464979996255
13 2.4747795625623
13 2.4768295135449
13 2.476829513545
13 2.4952311414334
13 2.4985306668259
13 2.4985306668259
13 2.5062227236675
13 2.5080986174148
13 2.5467250377787
13 2.5467250377787
13 2.5847742181296
13 2.5847742181296
13 2.6028304222347
13 2.613947060326
13 2.6170126787497
13 2.6170126787497
13 2.6329430517308
13 2.7436974846029
13 2.7648049244556
13 2.793964535169
13 2.793964535169
13 2.7939753124723
13 2.7962239596821
13 2.809556488995
13 2.8330922659537
13 2.8396985022901
13 2.8396985022901
13 2.8444007689246
13 2.8564640719079
13 2.857673593633
13 2.857673593633
13 2.8706340480903
13 2.8706340480903
13 2.8711436715695
13 2.8728710186952
13 2.87582079127
13 2.8783060925216
13 2.8783060925216
13 2.8815525914732
13 2.8976354809178
13 2.9330127888104
13 2.9550555506426
13 2.9550555506426
13 2.9660970221378
13 2.9660970221378
13 2.9715723542881
13 2.9977996903587
13 3.0101331246426
13 3.0101331246426
13 3.0626219377292
13 3.0850295937131
13 3.1174400724103
13 3.1427886907759
13 3.1427886907759
13 3.1524731601004
13 3.1607014812979
13 3.1607014812979
13 3.1760120501254
13 3.2710635674259
13 3.3338804267313
13 3.3344730757554
13 3.3344730757554
13 3.340820265948
13 3.3846527566154
13 3.3993967763954
13 3.3993967763954
13 3.4863841685276
13 3.5400132785296
13 3.5400132785296
13 3.5520709705627
13 3.5638917100857
13 3.5712631317372
13 3.5759956790191
13 3.5759956790191
13 3.5826011209029
13 3.637950033521
13 3.6402574048464
13 3.6402574048464
13 3.6413092061845
13 3.6841497834693
13 3.7114952601691
13 3.7114952601691
13 3.7158553977036
13 3.7366593893578
13 3.7366593893578
13 3.7629350829091
13 3.7876876569312
13 3.8217789514748
13 3.8217789514748
13 3.8413688458665
13 3.8844038358366
13 3.9419864766461
13 3.9419864766461
13 3.9474240989011
13 3.9842318813083
13 3.9997565901944
13 4.0005104202004
13 4.0005104202004
13 4.0013966135282
13 4.0192986431706
13 4.0192986431706
13 4.0345598673194
13 4.0392223576732
13 4.0921490076352
13 4.1204357234052
13 4.1204357234052
13 4.1603613123485
13 4.4849872916151
13 4.491631388827
13 4.491631388827
13 4.4987291650572
13 4.6267234960808
13 4.6273986371958
13 4.6273986371958
13 4.6283015270261
13 5.3750740897685
13 5.3750892007774
13 5.3750892007774
13 5.3751044507252
14 7.105427357601e-15
14 0.16883798253469
14 0.36925903745698
14 0.42831042511684
14 0.42831042511685
14 0.46394744875375
14 0.48959950102548
14 0.539780751612
14 0.53978075161201
14 0.77361663018597
14 0.81152277517363
14 0.81152277517363
14 0.82262361200109
14 0.8360975519685
14 0.92011565999111
14 0.94616507752229
14 0.98855249682925
14 0.98855249682926
14 1.0046471105136
14 1.0046471105136
14 1.0787713828935
14 1.1019060550633
14 1.1019060550633
14 1.1234134658506
14 1.1349688527535
14 1.1743595682711
14 1.1901737431157
14 1.1901737431157
14 1.2108456821253
14 1.245799615585
14 1.312838462788
14 1.312838462788
14 1.3248999046356
14 1.3517023434195
14 1.3574551876481
14 1.3574551876481
14 1.3768150190149
14 1.3826111822966
14 1.3981792733346
14 1.4095639527219
14 1.4095639527219
14 1.4469460341612
14 1.4469460341612
14 1.4502829271326
14 1.4931370126328
14 1.515155880725
14 1.518407594546
14 1.5440274444884
14 1.5440274444884
14 1.5451044120832
14 1.5528638344986
14 1.5616586194592
14 1.591290914202
14 1.591290914202
14 1.6045058614253
14 1.6273518358477
14 1.6863967204085
14 1.6863967204085
14 1.6873862444127
14 1.6932379956785
14 1.7559000971309
14 1.7559000971309
14 1.789252217453
14 1.789252217453
14 1.8211389482151
14 1.852951661181
14 1.8545760741578
14 1.8545760741578
14 1.8654048186231
14 1.8867959882823
14 1.9224817309226
14 1.9248798674355
14 1.9400209328406
14 1.9400209328406
14 1.9966996776392
14 2.0019846095
14 2.0111694411965
14 2.0214679929629
14 2.0214679929629
14 2.0266552947979
14 2.0334027291082
14 2.0343892064528
14 2.0370954705485
14 2.0370954705485
14 2.0542919614853
14 2.0542919614853
14 2.059227303599
14 2.0897735791553
14 2.1045051070386
14 2.1045051070386
14 2.1098600734969
14 2.1429221076485
14 2.1551027646424
14 2.1551027646424
14 2.168258328001
14 2.1722504780963
14 2.1816405580385
14 2.1885277174101
14 2.2012638488092
14 2.2012638488092
14 2.2252760234602
14 2.2291305623672
14 2.2298205618575
14 2.2298205618575
14 2.254920923739
14 2.3022496363311
14 2.3022496363311
14 2.3083062091942
14 2.3121909342176
14 2.3248338111744
14 2.3248338111744
14 2.3405796874906
14 2.3405796874906
14 2.3433460695669
14 2.3544944816604
14 2.3582996182356
14 2.386052677374
14 2.386052677374
14 2.4071237576473
14 2.4103520144582
14 2.4103520144582
14 2.4265519503295
14 2.434227699058
14 2.4684545569246
14 2.4747795625623
14 2.4747795625623
14 2.4752960070193
14 2.4787309299351
14 2.5022149743756
14 2.5047290307174
14 2.5062227236675
14 2.5062227236675
14 2.5099866847898
14 2.5785121386738
14 2.588427452362
14 2.6028304222347
14 2.6028304222347
14 2.6096299916702
14 2.6329430517308
14 2.6329430517308
14 2.7008963456164
14 2.7345881582582
14 2.7828579372129
14 2.7939753124723
14 2.7939753124723
14 2.7962239596821
14 2.7962239596821
14 2.809556488995
14 2.809556488995
14 2.8172785981496
14 2.8261509887546
14 2.8417723857157
14 2.8444007689246
14 2.8444007689246
14 2.8606317912059
14 2.8646877301346
14 2.8711436715695
14 2.8711436715695
14 2.8736171625612
14 2.8736403657844
14 2.8815525914732
14 2.8815525914732
14 2.8859216698068
14 2.9118681391531
14 2.9357821706551
14 2.9546048254343
14 2.9715723542881
14 2.9715723542882
14 2.9771576446132
14 3.0378373776686
14 3.0552296485925
14 3.0626219377292
14 3.0626219377292
14 3.0850295937131
14 3.0850295937131
14 3.1005931621515
14 3.1688974759646
14 3.1760120501254
14 3.1760120501254
14 3.1904903890619
14 3.2236787162744
14 3.2332170861889
14 3.2710635674259
14 3.2710635674259
14 3.3045370618741
14 3.340820265948
14 3.340820265948
14 3.3432325303408
14 3.379041852541
14 3.4863841685276
14 3.4863841685276
14 3.5222390080317
14 3.5447112330329
14 3.5464403646227
14 3.5500848131021
14 3.5520709705627
14 3.5520709705627
14 3.572977154877
14 3.5826011209029
14 3.5826011209029
14 3.6078224438555
14 3.6340990633036
14 3.637950033521
14 3.637950033521
14 3.6585248172906
14 3.6711452442998
14 3.6841497834693
14 3.6841497834693
14 3.6918759260067
14 3.7627970796722
14 3.7876876569312
14 3.7876876569312
14 3.8413688458665
14 3.8413688458665
14 3.8628078843323
14 3.8709299820552
14 3.9139442671696
14 3.9842318813083
14 3.9842318813083
14 3.9855257832429
14 3.9885301277726
14 3.9993028645899
14 3.9997565901944
14 3.9997565901944
14 4.0000942277323
14 4.0345598673194
14 4.0345598673194
14 4.0388422987277
14 4.0758994624359
14 4.1446811250081
14 4.1603613123485
14 4.1603613123485
14 4.184498933915
14 4.4924088513177
14 4.4987291650572
14 4.4987291650572
14 4.5055040511952
14 4.6276736198673
14 4.6283015270261
14 4.6283015270261
14 4.6291488663983
14 5.3750892199739
14 5.3751044507252
14 5.3751044507252
14 5.375119816471
15 0.15522191287581
15 0.32584568775592
15 0.32584568775593
15 0.42831042511684
15 0.53978075161199
15 0.66224091933203
15 0.66224091933204
15 0.66545865976191
15 0.81152277517363
15 0.84482573782342
15 0.84482573782342
15 0.88292276011392
15 0.95710713371594
15 0.98855249682925
15 1.0046471105136
15 1.0068898340894
15 1.0074567755385
15 1.0074567755385
15 1.0492663956884
15 1.0492663956884
15 1.0541425354767
15 1.1019060550633
15 1.1087849860322
15 1.1087849860322
15 1.1429354889477
15 1.1832763383794
15 1.1832763383794
15 1.1901737431157
15 1.2280867448231
15 1.2645651337036
15 1.2645651337036
15 1.2935566220552
15 1.3128384627881
15 1.3500307334981
15 1.3500307334981
15 1.3574551876481
15 1.3769429786043
15 1.3871479964139
15 1.3871479964139
15 1.4095639527219
15 1.4469460341612
15 1.4851340685058
15 1.5415426287034
15 1.5415426287034
15 1.5440274444884
15 1.5561720214774
15 1.5734076756975
15 1.5734076756975
15 1.591290914202
15 1.6095803725871
15 1.6095803725871
15 1.6194331203792
15 1.6755536366732
15 1.6863967204085
15 1.7255818954139
15 1.7255818954139
15 1.7445988563832
15 1.7445988563832
15 1.7488423612844
15 1.7559000971309
15 1.789252217453
15 1.8226970971592
15 1.8340457155911
15 1.8340457155911
15 1.8545760741578
15 1.8766743355697
15 1.8833167633768
15 1.8833167633768
15 1.9033980126322
15 1.9294411662481
15 1.9294411662481
15 1.9400209328406
15 1.952958089434
15 1.9968829369715
15 1.9968829369715
15 2.0016870764109
15 2.0214679929629
15 2.025213777342
15 2.036473662133
15 2.036473662133
15 2.0370954705485
15 2.0542919614853
15 2.0575486072406
15 2.0575486072406
15 2.0711450998711
15 2.0711450998711
15 2.0712678752153
15 2.090594448318
15 2.0990150895268
15 2.0990150895268
15 2.1045051070386
15 2.1332757574563
15 2.1332757574563
15 2.151660579631
15 2.1551027646424
15 2.2012638488092
15 2.2219216946018
15 2.228566034482
15 2.228566034482
15 2.2298205618575
15 2.2568054508585
15 2.3022496363311
15 2.3030267473282
15 2.3030267473283
15 2.3185177899142
15 2.3208599989182
15 2.3208599989182
15 2.3248338111744
15 2.3405796874906
15 2.3579610184014
15 2.3694447992555
15 2.3694447992555
15 2.386052677374
15 2.3882859423046
15 2.3882859423046
15 2.3991249633198
15 2.4103520144582
15 2.4259854635067
15 2.4259854635067
15 2.4537981926683
15 2.464979996255
15 2.4747795625623
15 2.4768295135449
15 2.4768295135449
15 2.4952311414334
15 2.4985306668259
15 2.4985306668259
15 2.5062227236675
15 2.5080986174148
15 2.5467250377787
15 2.5467250377787
15 2.5847742181296
15 2.5847742181296
15 2.6028304222347
15 2.613947060326
15 2.6170126787497
15 2.6170126787497
15 2.6329430517308
15 2.7436974846029
15 2.7648049244556
15 2.793964535169
15 2.793964535169
15 2.7939753124723
15 2.7962239596821
15 2.809556488995
15 2.8330922659537
15 2.8396985022901
15 2.8396985022901
15 2.8444007689246
15 2.8564640719079
15 2.857673593633
15 2.857673593633
15 2.8706340480903
15 2.8706340480903
15 2.8711436715695
15 2.8728710186952
15 2.87582079127
15 2.8783060925216
15 2.8783060925216
15 2.8815525914732
15 2.8976354809178
15 2.9330127888104
15 2.9550555506426
15 2.9550555506426
15 2.9660970221378
15 2.9660970221378
15 2.9715723542881
15 2.9977996903587
15 3.0101331246426
15 3.0101331246426
15 3.0626219377292
15 3.0850295937131
15 3.1174400724103
15 3.1427886907759
15 3.1427886907759
15 3.1524731601004
15 3.1607014812979
15 3.1607014812979
15 3.1760120501254
15 3.2710635674259
15 3.3338804267313
15 3.3344730757554
15 3.3344730757554
15 3.340820265948
15 3.3846527566154
15 3.3993967763954
15 3.3993967763954
15 3.4863841685276
15 3.5400132785295
15 3.5400132785296
15 3.5520709705627
15 3.5638917100857
15 3.5712631317372
15 3.5759956790191
15 3.5759956790191
15 3.5826011209029
15 3.637950033521
15 3.6402574048464
15 3.6402574048464
15 3.6413092061845
15 3.6841497834693
15 3.7114952601691
15 3.7114952601691
15 3.7158553977036
15 3.7366593893578
15 3.7366593893578
15 3.7629350829091
15 3.7876876569312
15 3.8217789514748
15 3.8217789514748
15 3.8413688458665
15 3.8844038358366
15 3.9419864766461
15 3.9419864766461
15 3.9474240989011
15 3.9842318813083
15 3.9997565901944
15 4.0005104202004
15 4.0005104202004
15 4.0013966135282
15 4.0192986431706
15 4.0192986431707
15 4.0345598673194
15 4.0392223576732
15 4.0921490076352
15 4.1204357234052
15 4.1204357234052
15 4.1603613123485
15 4.4849872916151
15 4.491631388827
15 4.491631388827
15 4.4987291650572
15 4.6267234960808
15 4.6273986371958
15 4.6273986371958
15 4.6283015270261
15 5.3750740897685
15 5.3750892007774
15 5.3750892007774
15 5.3751044507252
16 0.13523669288488
16 0.15522191287581
16 0.15522191287581
16 0.16883798253468
16 0.46394744875375
16 0.66545865976191
16 0.66545865976191
16 0.69865465090823
16 0.76927668607795
16 0.77361663018597
16 0.8360975519685
16 0.85290879894722
16 0.88292276011392
16 0.88292276011392
16 0.94616507752228
16 0.95710713371594
16 0.95710713371595
16 0.99171193739251
16 1.0068898340894
16 1.0068898340894
16 1.0314683905068
16 1.0403899041008
16 1.0541425354767
16 1.0541425354767
16 1.0787713828935
16 1.1429354889477
16 1.1429354889477
16 1.1743595682711
16 1.2108456821253
16 1.2280867448231
16 1.2280867448231
16 1.2337945784479
16 1.2935566220552
16 1.2935566220552
16 1.3050169336161
16 1.3234517812391
16 1.3517023434195
16 1.3769429786043
16 1.3769429786043
16 1.3826111822966
16 1.3981792733346
16 1.4851340685058
16 1.4851340685058
16 1.515155880725
16 1.5245508604082
16 1.5351033925123
16 1.5451044120832
16 1.5561720214774
16 1.5561720214774
16 1.6045058614253
16 1.6194331203792
16 1.6194331203792
16 1.6256328914474
16 1.6273518358477
16 1.6471498843401
16 1.6755536366732
16 1.6755536366732
16 1.7294712243654
16 1.7390741498285
16 1.7488423612844
16 1.7488423612844
16 1.8211389482151
16 1.8226970971592
16 1.8226970971592
16 1.8400355923839
16 1.8654048186231
16 1.8766743355697
16 1.8766743355697
16 1.8867959882823
16 1.8909205422825
16 1.9033980126322
16 1.9033980126322
16 1.9224817309226
16 1.9514478245482
16 1.952958089434
16 1.952958089434
16 1.9659572000001
16 1.9720445771151
16 1.9966028402199
16 1.9966996776392
16 2.0016870764109
16 2.0016870764109
16 2.0111694411965
16 2.025213777342
16 2.025213777342
16 2.0334027291082
16 2.0343892064528
16 2.0379885725709
16 2.0548897104371
16 2.0712678752153
16 2.0712678752153
16 2.090594448318
16 2.090594448318
16 2.1098600734969
16 2.151660579631
16 2.151660579631
16 2.168258328001
16 2.1722504780963
16 2.1854607550501
16 2.2097345498303
16 2.2219216946018
16 2.2219216946018
16 2.2252760234602
16 2.254920923739
16 2.2568054508585
16 2.2568054508585
16 2.2716763474114
16 2.3023974766428
16 2.3185177899142
16 2.3185177899142
16 2.3579610184014
16 2.3579610184014
16 2.3582996182356
16 2.3614648014794
16 2.3914185420836
16 2.3991249633198
16 2.3991249633198
16 2.4071237576473
16 2.418356080445
16 2.434227699058
16 2.4385446292946
16 2.4537981926683
16 2.4537981926683
16 2.464979996255
16 2.464979996255
16 2.4684545569246
16 2.4787309299351
16 2.4934579345498
16 2.4952311414334
16 2.4952311414334
16 2.5022149743756
16 2.5038417115481
16 2.5047290307174
16 2.5080986174148
16 2.5080986174148
16 2.5439106778821
16 2.588427452362
16 2.6054492605815
16 2.613947060326
16 2.613947060326
16 2.7345881582582
16 2.7436974846029
16 2.7436974846029
16 2.7633620128095
16 2.7648049244556
16 2.7648049244556
16 2.8171351258704
16 2.8261509887546
16 2.8330922659537
16 2.8330922659537
16 2.8335231839303
16 2.8417723857157
16 2.8564640719079
16 2.8564640719079
16 2.8646877301346
16 2.8695434186532
16 2.8728710186952
16 2.8728710186952
16 2.8754282838539
16 2.87582079127
16 2.87582079127
16 2.8764615413854
16 2.8859216698068
16 2.8976354809178
16 2.8976354809178
16 2.9118681391531
16 2.921964609127
16 2.9330127888104
16 2.9330127888104
16 2.9357821706551
16 2.9381685543331
16 2.9680538196225
16 2.9771576446132
16 2.9977996903587
16 2.9977996903587
16 3.0088245532531
16 3.0552296485925
16 3.1142121331865
16 3.1174400724103
16 3.1174400724103
16 3.1524731601004
16 3.1524731601004
16 3.2236787162744
16 3.2332170861889
16 3.3045370618741
16 3.3338804267313
16 3.3338804267313
16 3.3662066774699
16 3.366360749432
16 3.3846527566154
16 3.3846527566154
16 3.5447112330329
16 3.5500848131021
16 3.5615010839764
16 3.5638917100857
16 3.5638917100857
16 3.5712631317372
16 3.5712631317372
16 3.5728957240488
16 3.572977154877
16 3.6340990633036
16 3.6413092061845
16 3.6413092061845
16 3.6440562334371
16 3.6711452442998
16 3.7158553977036
16 3.7158553977037
16 3.7517407052349
16 3.7629350829091
16 3.7629350829091
16 3.7857458130657
16 3.8628078843323
16 3.8709299820552
16 3.8844038358366
16 3.8844038358366
16 3.9410002926122
16 3.9474240989011
16 3.9474240989011
16 3.9518992918812
16 3.9855257832429
16 3.9993028645899
16 4.0013966135282
16 4.0013966135282
16 4.0094144417069
16 4.0388422987276
16 4.0392223576732
16 4.0392223576732
16 4.0442072071154
16 4.0581805137759
16 4.0921490076352
16 4.0921490076352
16 4.1446811250081
16 4.478016615674
16 4.4849872916151
16 4.4849872916151
16 4.4924088513177
16 4.6260082125048
16 4.6267234960808
16 4.6267234960808
16 4.6276736198673
16 5.3750590992596
16 5.3750740897685
16 5.3750740897685
16 5.3750892199739
17 0.15522191287581
17 0.32584568775593
17 0.32584568775593
17 0.42831042511684
17 0.539780751612
17 0.66224091933202
17 0.66224091933202
17 0.66545865976192
17 0.81152277517363
17 0.84482573782341
17 0.84482573782342
17 0.88292276011392
17 0.95710713371595
17 0.98855249682925
17 1.0046471105136
17 1.0068898340894
17 1.0074567755385
17 1.0074567755385
17 1.0492663956884
17 1.0492663956884
17 1.0541425354767
17 1.1019060550633
17 1.1087849860322
17 1.1087849860322
17 1.1429354889477
17 1.1832763383794
17 1.1832763383794
17 1.1901737431157
17 1.2280867448231
17 1.2645651337036
17 1.2645651337036
17 1.2935566220552
17 1.3128384627881
17 1.3500307334981
17 1.3500307334981
17 1.3574551876481
17 1.3769429786043
17 1.3871479964139
17 1.3871479964139
17 1.4095639527219
17 1.4469460341612
17 1.4851340685058
17 1.5415426287034
17 1.5415426287034
17 1.5440274444884
17 1.5561720214774
17 1.5734076756975
17 1.5734076756975
17 1.591290914202
17 1.6095803725871
17 1.6095803725871
17 1.6194331203792
17 1.6755536366732
17 1.6863967204085
17 1.7255818954139
17 1.7255818954139
17 1.7445988563832
17 1.7445988563832
17 1.7488423612844
17 1.7559000971309
17 1.789252217453
17 1.8226970971592
17 1.8340457155911
17 1.8340457155911
17 1.8545760741578
17 1.8766743355697
17 1.8833167633768
17 1.8833167633768
17 1.9033980126322
17 1.9294411662481
17 1.9294411662481
17 1.9400209328406
17 1.952958089434
17 1.9968829369715
17 1.9968829369715
17 2.0016870764109
17 2.0214679929629
17 2.025213777342
17 2.036473662133
17 2.036473662133
17 2.0370954705485
17 2.0542919614853
17 2.0575486072406
17 2.0575486072406
17 2.0711450998711
17 2.0711450998711
17 2.0712678752154
17 2.090594448318
17 2.0990150895268
17 2.0990150895268
17 2.1045051070386
17 2.1332757574563
17 2.1332757574563
17 2.151660579631
17 2.1551027646424
17 2.2012638488092
17 2.2219216946018
17 2.228566034482
17 2.228566034482
17 2.2298205618575
17 2.2568054508585
17 2.3022496363311
17 2.3030267473282
17 2.3030267473282
17 2.3185177899142
17 2.3208599989182
17 2.3208599989182
17 2.3248338111744
17 2.3405796874906
17 2.3579610184014
17 2.3694447992555
17 2.3694447992555
17 2.386052677374
17 2.3882859423046
17 2.3882859423046
17 2.3991249633198
17 2.4103520144582
17 2.4259854635067
17 2.4259854635067
17 2.4537981926683
17 2.464979996255
17 2.4747795625623
17 2.4768295135449
17 2.4768295135449
17 2.4952311414334
17 2.4985306668259
17 2.4985306668259
17 2.5062227236675
17 2.5080986174148
17 2.5467250377787
17 2.5467250377787
17 2.5847742181296
17 2.5847742181296
17 2.6028304222347
17 2.613947060326
17 2.6170126787497
17 2.6170126787497
17 2.6329430517308
17 2.7436974846029
17 2.7648049244556
17 2.793964535169
17 2.793964535169
17 2.7939753124723
17 2.7962239596821
17 2.809556488995
17 2.8330922659537
17 2.8396985022901
17 2.8396985022901
17 2.8444007689246
17 2.8564640719079
17 2.857673593633
17 2.857673593633
17 2.8706340480903
17 2.8706340480903
17 2.8711436715695
17 2.8728710186952
17 2.87582079127
17 2.8783060925216
17 2.8783060925216
17 2.8815525914732
17 2.8976354809178
17 2.9330127888104
17 2.9550555506426
17 2.9550555506426
17 2.9660970221378
17 2.9660970221378
17 2.9715723542881
17 2.9977996903587
17 3.0101331246426
17 3.0101331246426
17 3.0626219377292
17 3.0850295937131
17 3.1174400724103
17 3.1427886907759
17 3.1427886907759
17 3.1524731601004
17 3.1607014812979
17 3.1607014812979
17 3.1760120501254
17 3.2710635674259
17 3.3338804267313
17 3.3344730757554
17 3.3344730757554
17 3.340820265948
17 3.3846527566154
17 3.3993967763954
17 3.3993967763954
17 3.4863841685276
17 3.5400132785296
17 3.5400132785296
17 3.5520709705627
17 3.5638917100857
17 3.5712631317372
17 3.5759956790191
17 3.5759956790191
17 3.5826011209029
17 3.637950033521
17 3.6402574048464
17 3.6402574048464
17 3.6413092061845
17 3.6841497834693
17 3.7114952601691
17 3.7114952601691
17 3.7158553977036
17 3.7366593893578
17 3.7366593893578
17 3.7629350829091
17 3.7876876569312
17 3.8217789514748
17 3.8217789514748
17 3.8413688458665
17 3.8844038358366
17 3.9419864766461
17 3.9419864766461
17 3.9474240989011
17 3.9842318813083
17 3.9997565901944
17 4.0005104202004
17 4.0005104202004
17 4.0013966135282
17 4.0192986431706
17 4.0192986431706
17 4.0345598673194
17 4.0392223576732
17 4.0921490076352
17 4.1204357234052
17 4.1204357234052
17 4.1603613123485
17 4.4849872916151
17 4.491631388827
17 4.491631388827
17 4.4987291650572
17 4.6267234960808
17 4.6273986371958
17 4.6273986371958
17 4.6283015270261
17 5.3750740897685
17 5.3750892007774
17 5.3750892007774
17 5.3751044507252
18 -1.7763568394003e-15
18 0.16883798253469
18 0.36925903745698
18 0.42831042511684
18 0.42831042511684
18 0.46394744875375
18 0.48959950102547
18 0.53978075161199
18 0.53978075161199
18 0.77361663018598
18 0.81152277517363
18 0.81152277517363
18 0.82262361200108
18 0.8360975519685
18 0.9201156599911
18 0.94616507752228
18 0.98855249682925
18 0.98855249682925
18 1.0046471105136
18 1.0046471105136
18 1.0787713828935
18 1.1019060550633
18 1.1019060550633
18 1.1234134658506
18 1.1349688527535
18 1.1743595682711
18 1.1901737431157
18 1.1901737431157
18 1.2108456821253
18 1.245799615585
18 1.3128384627881
18 1.3128384627881
18 1.3248999046356
18 1.3517023434195
18 1.3574551876481
18 1.3574551876481
18 1.3768150190149
18 1.3826111822966
18 1.3981792733346
18 1.4095639527219
18 1.4095639527219
18 1.4469460341612
18 1.4469460341612
18 1.4502829271326
18 1.4931370126328
18 1.515155880725
18 1.518407594546
18 1.5440274444884
18 1.5440274444884
18 1.5451044120832
18 1.5528638344986
18 1.5616586194592
18 1.591290914202
18 1.591290914202
18 1.6045058614253
18 1.6273518358477
18 1.6863967204085
18 1.6863967204085
18 1.6873862444127
18 1.6932379956785
18 1.7559000971309
18 1.7559000971309
18 1.789252217453
18 1.789252217453
18 1.8211389482151
18 1.852951661181
18 1.8545760741578
18 1.8545760741578
18 1.8654048186231
18 1.8867959882823
18 1.9224817309226
18 1.9248798674355
18 1.9400209328406
18 1.9400209328406
18 1.9966996776392
18 2.0019846095
18 2.0111694411965
18 2.0214679929629
18 2.0214679929629
18 2.0266552947979
18 2.0334027291082
18 2.0343892064528
18 2.0370954705485
18 2.0370954705485
18 2.0542919614853
18 2.0542919614853
18 2.059227303599
18 2.0897735791553
18 2.1045051070386
18 2.1045051070386
18 2.1098600734969
18 2.1429221076485
18 2.1551027646424
18 2.1551027646424
18 2.168258328001
18 2.1722504780963
18 2.1816405580385
18 2.1885277174101
18 2.2012638488092
18 2.2012638488092
18 2.2252760234602
18 2.2291305623672
18 2.2298205618575
18 2.2298205618575
18 2.254920923739
18 2.3022496363311
18 2.3022496363311
18 2.3083062091942
18 2.3121909342176
18 2.3248338111744
18 2.3248338111744
18 2.3405796874906
18 2.3405796874906
18 2.3433460695669
18 2.3544944816604
18 2.3582996182356
18 2.386052677374
18 2.386052677374
18 2.4071237576473
18 2.4103520144582
18 2.4103520144582
18 2.4265519503295
18 2.434227699058
18 2.4684545569246
18 2.4747795625623
18 2.4747795625623
18 2.4752960070193
18 2.4787309299351
18 2.5022149743756
18 2.5047290307174
18 2.5062227236675
18 2.5062227236675
18 2.5099866847898
18 2.5785121386738
18 2.588427452362
18 2.6028304222347
18 2.6028304222347
18 2.6096299916702
18 2.6329430517308
18 2.6329430517308
18 2.7008963456164
18 2.7345881582582
18 2.7828579372129
18 2.7939753124723
18 2.7939753124723
18 2.7962239596821
18 2.7962239596821
18 2.809556488995
18 2.809556488995
18 2.8172785981496
18 2.8261509887546
18 2.8417723857157
18 2.8444007689246
18 2.8444007689246
18 2.8606317912059
18 2.8646877301346
18 2.8711436715695
18 2.8711436715695
18 2.8736171625612
18 2.8736403657844
18 2.8815525914732
18 2.8815525914732
18 2.8859216698068
18 2.9118681391531
18 2.9357821706551
18 2.9546048254343
18 2.9715723542881
18 2.9715723542881
18 2.9771576446132
18 3.0378373776686
18 3.0552296485925
18 3.0626219377292
18 3.0626219377292
18 3.0850295937131
18 3.0850295937131
18 3.1005931621515
18 3.1688974759646
18 3.1760120501254
18 3.1760120501254
18 3.1904903890619
18 3.2236787162744
18 3.2332170861889
18 3.2710635674259
18 3.2710635674259
18 3.3045370618741
18 3.340820265948
18 3.340820265948
18 3.3432325303408
18 3.379041852541
18 3.4863841685276
18 3.4863841685276
18 3.5222390080317
18 3.5447112330329
18 3.5464403646227
18 3.5500848131021
18 3.5520709705627
18 3.5520709705627
18 3.572977154877
18 3.5826011209029
18 3.5826011209029
18 3.6078224438555
18 3.6340990633036
18 3.637950033521
18 3.637950033521
18 3.6585248172906
18 3.6711452442998
18 3.6841497834693
18 3.6841497834693
18 3.6918759260067
18 3.7627970796722
18 3.7876876569312
18 3.7876876569312
18 3.8413688458665
18 3.8413688458665
18 3.8628078843323
18 3.8709299820552
18 3.9139442671696
18 3.9842318813083
18 3.9842318813083
18 3.9855257832429
18 3.9885301277726
18 3.9993028645899
18 3.9997565901944
18 3.9997565901944
18 4.0000942277323
18 4.0345598673194
18 4.0345598673194
18 4.0388422987276
18 4.0758994624359
18 4.1446811250081
18 4.1603613123485
18 4.1603613123485
18 4.184498933915
18 4.4924088513177
18 4.4987291650572
18 4.4987291650572
18 4.5055040511952
18 4.6276736198673
18 4.6283015270261
18 4.6283015270261
18 4.6291488663983
18 5.3750892199739
18 5.3751044507252
18 5.3751044507252
18 5.375119816471
19 0.15522191287581
19 0.32584568775592
19 0.32584568775593
19 0.42831042511684
19 0.53978075161199
19 0.66224091933202
19 0.66224091933202
19 0.66545865976191
19 0.81152277517363
19 0.84482573782341
19 0.84482573782342
19 0.88292276011392
19 0.95710713371595
19 0.98855249682925
19 1.0046471105136
19 1.0068898340894
19 1.0074567755385
19 1.0074567755385
19 1.0492663956884
19 1.0492663956884
19 1.0541425354767
19 1.1019060550633
19 1.1087849860322
19 1.1087849860322
19 1.1429354889477
19 1.1832763383794
19 1.1832763383794
19 1.1901737431157
19 1.2280867448231
19 1.2645651337036
19 1.2645651337036
19 1.2935566220552
19 1.3128384627881
19 1.3500307334981
19 1.3500307334981
19 1.3574551876481
19 1.3769429786043
19 1.3871479964139
19 1.3871479964139
19 1.4095639527219
19 1.4469460341612
19 1.4851340685058
19 1.5415426287034
19 1.5415426287034
19 1.5440274444884
19 1.5561720214774
19 1.5734076756975
19 1.5734076756975
19 1.591290914202
19 1.6095803725871
19 1.6095803725871
19 1.6194331203792
19 1.6755536366732
19 1.6863967204085
19 1.7255818954139
19 1.7255818954139
19 1.7445988563832
19 1.7445988563832
19 1.7488423612844
19 1.7559000971309
19 1.789252217453
19 1.8226970971592
19 1.8340457155911
19 1.8340457155911
19 1.8545760741578
19 1.8766743355697
19 1.8833167633768
19 1.8833167633768
19 1.9033980126322
19 1.9294411662481
19 1.9294411662481
19 1.9400209328406
19 1.952958089434
19 1.9968829369715
19 1.9968829369715
19 2.0016870764109
19 2.0214679929629
19 2.025213777342
19 2.036473662133
19 2.036473662133
19 2.0370954705485
19 2.0542919614853
19 2.0575486072406
19 2.0575486072406
19 2.0711450998711
19 2.0711450998711
19 2.0712678752153
19 2.090594448318
19 2.0990150895268
19 2.0990150895268
19 2.1045051070386
19 2.1332757574563
19 2.1332757574563
19 2.151660579631
19 2.1551027646424
19 2.2012638488092
19 2.2219216946018
19 2.228566034482
19 2.228566034482
19 2.2298205618575
19 2.2568054508585
19 2.3022496363311
19 2.3030267473282
19 2.3030267473282
19 2.3185177899142
19 2.3208599989182
19 2.3208599989182
19 2.3248338111744
19 2.3405796874906
19 2.3579610184014
19 2.3694447992555
19 2.3694447992555
19 2.386052677374
19 2.3882859423046
19 2.3882859423046
19 2.3991249633198
19 2.4103520144582
19 2.4259854635067
19 2.4259854635067
19 2.4537981926683
19 2.464979996255
19 2.4747795625623
19 2.4768295135449
19 2.4768295135449
19 2.4952311414334
19 2.4985306668259
19 2.4985306668259
19 2.5062227236675
19 2.5080986174148
19 2.5467250377787
19 2.5467250377787
19 2.5847742181296
19 2.5847742181296
19 2.6028304222347
19 2.613947060326
19 2.6170126787497
19 2.6170126787497
19 2.6329430517308
19 2.7436974846029
19 2.7648049244556
19 2.793964535169
19 2.793964535169
19 2.7939753124723
19 2.7962239596821
19 2.809556488995
19 2.8330922659537
19 2.8396985022901
19 2.8396985022901
19 2.8444007689246
19 2.8564640719079
19 2.857673593633
19 2.857673593633
19 2.8706340480903
19 2.8706340480903
19 2.8711436715695
19 2.8728710186952
19 2.87582079127
19 2.8783060925216
19 2.8783060925216
19 2.8815525914732
19 2.8976354809178
19 2.9330127888104
19 2.9550555506426
19 2.9550555506426
19 2.9660970221378
19 2.9660970221378
19 2.9715723542882
19 2.9977996903587
19 3.0101331246426
19 3.0101331246426
19 3.0626219377292
19 3.0850295937131
19 3.1174400724103
19 3.1427886907759
19 3.1427886907759
19 3.1524731601004
19 3.1607014812979
19 3.1607014812979
19 3.1760120501254
19 3.2710635674259
19 3.3338804267313
19 3.3344730757554
19 3.3344730757554
19 3.340820265948
19 3.3846527566154
19 3.3993967763954
19 3.3993967763954
19 3.4863841685276
19 3.5400132785296
19 3.5400132785296
19 3.5520709705627
19 3.5638917100857
19 3.5712631317372
19 3.5759956790191
19 3.5759956790191
19 3.5826011209029
19 3.637950033521
19 3.6402574048464
19 3.6402574048464
19 3.6413092061845
19 3.6841497834693
19 3.7114952601691
19 3.7114952601691
19 3.7158553977036
19 3.7366593893578
19 3.7366593893578
19 3.7629350829091
19 3.7876876569312
19 3.8217789514748
19 3.8217789514748
19 3.8413688458665
19 3.8844038358366
19 3.9419864766461
19 3.9419864766461
19 3.9474240989011
19 3.9842318813083
19 3.9997565901944
19 4.0005104202004
19 4.0005104202004
19 4.0013966135282
19 4.0192986431706
19 4.0192986431706
19 4.0345598673194
19 4.0392223576732
19 4.0921490076352
19 4.1204357234052
19 4.1204357234052
19 4.1603613123485
19 4.4849872916151
19 4.491631388827
19 4.491631388827
19 4.4987291650572
19 4.6267234960808
19 4.6273986371958
19 4.6273986371958
19 4.6283015270261
19 5.3750740897685
19 5.3750892007774
19 5.3750892007774
19 5.3751044507252
