# Kx Ky E
0 3 -19.964838676598
0 3 -19.859481583446
0 3 -19.68430853215
0 3 -19.439949862459
0 3 -19.127282598133
0 3 -18.747425389675
0 3 -18.301732511695
0 3 -17.791787188135
0 3 -17.21939448696
0 3 -16.586573964211
0 3 -15.895552157734
0 3 -15.148754948221
0 3 -14.348799733892
0 3 -13.521614958899
0 3 -13.498487316432
0 3 -12.600793375768
0 3 -11.658859421129
0 3 -10.675983143452
0 3 -9.6556081590921
0 3 -8.6013132366903
0 3 -7.5168012803762
0 3 -6.4058887472859
0 3 -5.272497316739
0 3 -4.1206536291196
0 3 -2.954521261548
0 3 -1.7786175379538
0 3 -0.60080967090764
0 3 -0.080524544589352
0 3 -0.03322165993759
0 3 -1.7763568394003e-15
1 3 -19.903651533959
1 3 -19.615546094081
1 3 -19.138490770208
1 3 -18.477122951973
1 3 -17.637853378143
1 3 -16.628793815539
1 3 -15.459673217498
1 3 -14.141744274598
1 3 -14.076101544133
1 3 -12.687680356357
1 3 -11.11146184472
1 3 -9.4282512386774
1 3 -7.6542586024047
1 3 -5.8066057033555
1 3 -3.9032293922396
1 3 -1.96317682576
1 3 -0.076877858505283
1 3 -0.013783559835407
1 3 -2.6645352591004e-14
1 3 3.5527136788005e-14
1 3 0.013783559835415
1 3 0.076877858505274
1 3 1.96317682576
1 3 3.9032293922396
1 3 5.8066057033555
1 3 7.6542586024047
1 3 9.4282512386773
1 3 11.11146184472
1 3 12.687680356357
1 3 14.076101544133
2 3 -19.717294251938
2 3 -18.919451796077
2 3 -17.71317246055
2 3 -16.202099686988
2 3 -14.473409644242
2 3 -12.605063244634
2 3 -10.67080162264
2 3 -8.7333282060738
2 3 -6.8735123184885
2 3 -5.1624430549239
2 3 -3.5997718866415
2 3 -2.3687088619127
2 3 -2.3267072587157
2 3 -1.4404230834601
2 3 -0.64683667942023
2 3 -0.20994653869343
2 3 -0.057714150746767
2 3 -0.044795813602253
2 3 -0.020562277550452
2 3 -0.0066722285198875
2 3 -3.5527136788005e-15
2 3 1.7763568394003e-15
2 3 0.0066722285198857
2 3 0.020562277550448
2 3 0.044795813602255
2 3 0.057714150746776
2 3 0.20994653869343
2 3 0.64683667942023
2 3 1.4404230834601
2 3 2.3267072587157
3 3 -19.903642689203
3 3 -19.615511480116
3 3 -19.138415617124
3 3 -18.476995648193
3 3 -17.637665935154
3 3 -16.628541744992
3 3 -15.459354842444
3 3 -14.141359496584
3 3 -13.98982438959
3 3 -12.687228801712
3 3 -11.110940056877
3 3 -9.4276479532796
3 3 -7.6535453189636
3 3 -5.8057131487984
3 3 -3.9019674549124
3 3 -1.960759554691
3 3 -0.031918269838808
3 3 -0.00843336703592
3 3 -1.4210854715202e-14
3 3 1.2434497875802e-14
3 3 0.0084333670359253
3 3 0.031918269838803
3 3 1.960759554691
3 3 3.9019674549124
3 3 5.8057131487984
3 3 7.6535453189636
3 3 9.4276479532796
3 3 11.110940056877
3 3 12.687228801712
3 3 13.98982438959
4 3 -19.948603621535
4 3 -19.794726918485
4 3 -19.539299256807
4 3 -19.183843818867
4 3 -18.730441380344
4 3 -18.181684549204
4 3 -17.540627443904
4 3 -16.810736722921
4 3 -15.995849816782
4 3 -15.100144778164
4 3 -14.128123440279
4 3 -13.084606251168
4 3 -11.974734311467
4 3 -10.803972732743
4 3 -9.5781097806889
4 3 -8.3032479677636
4 3 -6.9857854816813
4 3 -5.632388284955
4 3 -4.2499544528483
4 3 -2.8455727883377
4 3 -2.3121991790407
4 3 -1.4264777412086
4 3 -0.12993717211697
4 3 -0.0056306159969708
4 3 -7.105427357601e-15
4 3 5.3290705182008e-15
4 3 0.0056306159969708
4 3 0.12993717211697
4 3 1.4264777412086
4 3 2.3121991790407
5 3 -19.964476340975
5 3 -19.858059510343
5 3 -19.681209326407
5 3 -19.434683468128
5 3 -19.119524660998
5 3 -18.73704327126
5 3 -18.288796068954
5 3 -17.776562389471
5 3 -17.202319443717
5 3 -16.568218954955
5 3 -15.876567439763
5 3 -15.129812121137
5 3 -14.330533600351
5 3 -13.481445155954
5 3 -12.585397211756
5 3 -11.645384523237
5 3 -10.664553269306
5 3 -9.6462055582561
5 3 -8.5937996719773
5 3 -7.5109453604209
5 3 -6.4013943626131
5 3 -5.2690269014231
5 3 -4.1178351544574
5 3 -2.9519047490026
5 3 -2.1285566347227
5 3 -1.7753955903253
5 3 -0.59253205883295
5 3 -0.19328789242318
5 3 -0.049506615818848
5 3 1.7763568394003e-15
6 3 -19.964851392832
6 3 -19.859531164324
6 3 -19.684415412992
6 3 -19.440128736514
6 3 -19.127540999313
6 3 -18.747763023427
6 3 -18.302141379247
6 3 -17.792252454528
6 3 -17.219895957937
6 3 -16.587087972929
6 3 -15.896053627367
6 3 -15.149219393776
6 3 -14.349204992891
6 3 -13.609011387827
6 3 -13.498814845573
6 3 -12.601029007838
6 3 -11.658993530368
6 3 -10.676010204931
6 3 -9.6555256932754
6 3 -8.6011200803959
6 3 -7.5164949663312
6 3 -6.4054613563635
6 3 -5.2719280011
6 3 -4.1198921942935
6 3 -2.9534412400844
6 3 -1.7768161933372
6 3 -0.59541275576266
6 3 -0.042070852410186
6 3 -0.018759892435705
6 3 0
7 3 -19.964813096347
7 3 -19.859381362518
7 3 -19.684090699109
7 3 -19.439580913468
7 3 -19.12674093433
7 3 -18.746702588292
7 3 -18.300833338014
7 3 -17.790728397578
7 3 -17.218202599946
7 3 -16.58528230191
7 3 -15.894197489189
7 3 -15.147374110369
7 3 -14.347426546665
7 3 -13.604440218081
7 3 -13.497150034714
7 3 -12.599512813317
7 3 -11.657647763768
7 3 -10.674843349956
7 3 -9.6545337256193
7 3 -8.6002879479231
7 3 -7.5157983076956
7 3 -6.4048678540607
7 3 -5.2713972700355
7 3 -4.1193714259045
7 3 -2.9528466332033
7 3 -1.7759444450177
7 3 -0.5929495740937
7 3 -0.020674946389011
7 3 -0.0029669403535166
7 3 7.105427357601e-15
8 3 -19.964853967058
8 3 -19.859541328397
8 3 -19.684437796633
8 3 -19.440167366735
8 3 -19.12759913919
8 3 -18.747843079306
8 3 -18.302244881573
8 3 -17.792380109856
8 3 -17.220047763196
8 3 -16.587263378604
8 3 -15.896251734599
8 3 -15.149439171566
8 3 -14.349445505693
8 3 -13.594830370804
8 3 -13.499075488255
8 3 -12.601309754522
8 3 -11.659295217069
8 3 -10.67633488637
8 3 -9.6558771496059
8 3 -8.601504618848
8 3 -7.5169228143748
8 3 -6.4059493135588
8 3 -5.2725050457042
8 3 -4.1206131215459
8 3 -2.9544276032472
8 3 -1.7784335932812
8 3 -0.60020617134175
8 3 -0.063851792445993
8 3 -0.035620672875304
8 3 -3.5527136788005e-15
9 3 -19.940709022609
9 3 -19.763852256427
9 3 -19.472363999682
9 3 -19.070789023265
9 3 -18.564871766814
9 3 -17.96115141511
9 3 -17.266649384236
9 3 -16.488687109937
9 3 -15.634821346224
9 3 -14.712846299665
9 3 -13.730783878596
9 3 -13.52916169428
9 3 -12.696770924856
9 3 -11.618847212318
9 3 -10.505069596905
9 3 -9.3651176739895
9 3 -8.2142132625189
9 3 -7.0739845832523
9 3 -5.9515473518146
9 3 -4.8166588138776
9 3 -3.6831046901956
9 3 -2.7618593083077
9 3 -1.8869230435646
9 3 -0.94462780112133
9 3 -0.58715228690498
9 3 -0.24039603002593
9 3 -0.069955449512827
9 3 -0.0051302252697933
9 3 -0.00049697206481802
9 3 -1.7763568394003e-15
10 3 -19.94862819196
10 3 -19.794822827318
10 3 -19.539506350792
10 3 -19.184191076252
10 3 -18.73094398207
10 3 -18.182342367416
10 3 -17.541425249823
10 3 -16.811646209172
10 3 -15.996833224072
10 3 -15.101159584564
10 3 -14.129127327514
10 3 -13.085561509643
10 3 -11.97561101598
10 3 -10.804750350976
10 3 -9.5787772428847
10 3 -8.3038025113623
10 3 -6.9862307327157
10 3 -5.632732068812
10 3 -4.2502068459067
10 3 -2.8457453335941
10 3 -2.361012268687
10 3 -1.4265898836068
10 3 -0.39114251184351
10 3 -0.054216244350492
10 3 -5.3290705182008e-15
10 3 3.5527136788005e-15
10 3 0.05421624435049
10 3 0.39114251184351
10 3 1.4265898836068
10 3 2.361012268687
11 3 -19.948007104522
11 3 -19.792393588439
11 3 -19.534245210587
11 3 -19.175338742855
11 3 -18.718091929277
11 3 -18.165492995204
11 3 -17.521012038693
11 3 -16.788500965946
11 3 -15.972094322063
11 3 -15.076128106474
11 3 -14.105093824804
11 3 -13.063637827821
11 3 -11.956602521913
11 3 -10.789092195835
11 3 -9.5665392467573
11 3 -8.2947496939256
11 3 -6.9799170133937
11 3 -5.6286043031818
11 3 -4.2477018861643
11 3 -2.8443696114497
11 3 -2.482011849525
11 3 -1.4259722958267
11 3 -0.090601967695665
11 3 -0.025554113480524
11 3 -5.3290705182008e-15
11 3 1.7763568394003e-15
11 3 0.025554113480524
11 3 0.090601967695669
11 3 1.4259722958267
11 3 2.482011849525
12 3 -19.964742830799
12 3 -19.859106284511
12 3 -19.68349366771
12 3 -19.438572019351
12 3 -19.125264811697
12 3 -18.744742517845
12 3 -18.298411753305
12 3 -17.78790378047
12 3 -17.215063151152
12 3 -16.581937143453
12 3 -15.890766434089
12 3 -15.143977168095
12 3 -14.344174294849
12 3 -13.503555125829
12 3 -13.49413578903
12 3 -12.596807213593
12 3 -11.655296031878
12 3 -10.672865132099
12 3 -9.652925160866
12 3 -8.5990254327957
12 3 -7.5148433520105
12 3 -6.4041724211911
12 3 -5.2709090150337
12 3 -4.1190381726031
12 3 -2.9526188113134
12 3 -1.7757697132748
12 3 -0.59267589834256
12 3 -0.015308817810194
12 3 -0.00031584823196873
12 3 0
13 3 -19.941581237944
13 3 -19.766918283968
13 3 -19.477769989484
13 3 -19.076999108419
13 3 -18.568475214851
13 3 -17.956949157934
13 3 -17.247906722787
13 3 -16.447409716875
13 3 -15.561936816987
13 3 -14.598251202191
13 3 -13.56335692117
13 3 -12.464671589708
13 3 -11.310657257276
13 3 -10.112373256453
13 3 -8.8868267176561
13 3 -7.6624595595816
13 3 -6.4749234019709
13 3 -5.3130264603155
13 3 -4.0928505940983
13 3 -2.7797386943145
13 3 -2.5099530863405
13 3 -1.4039756999811
13 3 -0.24316774246984
13 3 -0.056526354932831
13 3 -7.105427357601e-15
13 3 3.5527136788005e-15
13 3 0.056526354932831
13 3 0.24316774246984
13 3 1.4039756999811
13 3 2.5099530863405
14 3 -19.964702878478
14 3 -19.858949699436
14 3 -19.683153188683
14 3 -19.437995248493
14 3 -19.124418442291
14 3 -18.743614947319
14 3 -18.297013796796
14 3 -17.786267368093
14 3 -17.213238105384
14 3 -16.579986365545
14 3 -15.888760038263
14 3 -15.14198624276
14 3 -14.34226500537
14 3 -13.591261655737
14 3 -13.492364455301
14 3 -12.595216816585
14 3 -11.653914369263
14 3 -10.671704606357
14 3 -9.6519839891339
14 3 -8.5982899428169
14 3 -7.5142909774946
14 3 -6.4037750199864
14 3 -5.2706361810045
14 3 -4.1188602655243
14 3 -2.952509423807
14 3 -1.7757068602899
14 3 -0.59263282345218
14 3 -0.01667622509459
14 3 -0.0017718552633017
14 3 1.7763568394003e-15
15 3 -19.948273321691
15 3 -19.793437446265
15 3 -19.536515165517
15 3 -19.179179046316
15 3 -18.723704278118
15 3 -18.172905510667
15 3 -17.530062349328
15 3 -16.798841253992
15 3 -15.983224333356
15 3 -15.087456270904
15 3 -14.116017835124
15 3 -13.073627985084
15 3 -11.965268517346
15 3 -10.796218946006
15 3 -9.5720875978568
15 3 -8.2988279969382
15 3 -6.9827353699007
15 3 -5.6304236776377
15 3 -4.2487871091644
15 3 -2.8449511547194
15 3 -2.482308760065
15 3 -1.426218306238
15 3 -0.15586754532574
15 3 -0.028636187138318
15 3 -3.5527136788005e-15
15 3 3.5527136788005e-15
15 3 0.028636187138323
15 3 0.15586754532574
15 3 1.426218306238
15 3 2.482308760065
16 3 -19.903547212397
16 3 -19.615161322269
16 3 -19.137737207774
16 3 -18.476029410524
16 3 -17.636561941405
16 3 -16.627526380259
16 3 -15.458681217711
16 3 -14.141258456268
16 3 -14.070877908765
16 3 -12.687875924334
16 3 -11.112449234012
16 3 -9.4300984293776
16 3 -7.6570541421068
16 3 -5.8106013973844
16 3 -3.9092631415376
16 3 -1.9750012625902
16 3 -0.17363566397332
16 3 -0.031904676090443
16 3 -1.0658141036402e-14
16 3 8.8817841970013e-15
16 3 0.031904676090447
16 3 0.17363566397332
16 3 1.9750012625902
16 3 3.9092631415376
16 3 5.8106013973844
16 3 7.6570541421068
16 3 9.4300984293776
16 3 11.112449234012
16 3 12.687875924334
16 3 14.070877908765
17 3 -19.964838232231
17 3 -19.859480015881
17 3 -19.684305767346
17 3 -19.439946754268
17 3 -19.127281141504
17 3 -18.747428799398
17 3 -18.301745159076
17 3 -17.791814406326
17 3 -17.21944227293
17 3 -16.586648619357
17 3 -15.895659917921
17 3 -15.148901656975
17 3 -14.348990609997
17 3 -13.635392689723
17 3 -13.498726861457
17 3 -12.601085461537
17 3 -11.659207597171
17 3 -10.676391217994
17 3 -9.6560811485226
17 3 -8.6018588781161
17 3 -7.5174325354215
17 3 -6.4066283048041
17 3 -5.2733867120482
17 3 -4.1217748774961
17 3 -2.9560610341458
17 3 -1.7811435201997
17 3 -0.60824506182825
17 3 -0.096753253962646
17 3 -0.04271155800321
17 3 1.7763568394003e-15
